shape_id,shape_pt_lat,shape_pt_lon,shape_pt_sequence,shape_dist_traveled
1002177,43.365741,-80.980051,0,0
1002177,43.36575,-80.97964,1,61
1002177,43.3658,-80.97951,2,73
1002177,43.36588,-80.9795,3,82
1002177,43.36668,-80.97998,4,185
1002177,43.36751,-80.98048,5,286
1002177,43.368,-80.98158,6,394
1002177,43.36826,-80.98206,7,442
1002177,43.36834,-80.98236,8,468
1002177,43.36889,-80.98358,9,584
1002177,43.36941,-80.98471,10,692
1002177,43.369689,-80.985282,11,770
1002177,43.36973,-80.98533,12,776
1002177,43.370146,-80.986423,13,876
1002177,43.37,-80.98672,14,905
1002177,43.36919,-80.9874,15,1012
1002177,43.368595,-80.987874,16,1110
1002177,43.36766,-80.9887,17,1234
1002177,43.36687,-80.98937,18,1337
1002177,43.366715,-80.989575,19,1383
1002177,43.36648,-80.98974,20,1412
1002177,43.3665,-80.98986,21,1422
1002177,43.36704,-80.99094,22,1533
1002177,43.36754,-80.99205,23,1639
1002177,43.36791,-80.99273,24,1724
1002177,43.36809,-80.99323,25,1769
1002177,43.3681,-80.99333,26,1777
1002177,43.36804,-80.99343,27,1787
1002177,43.36718,-80.99422,28,1902
1002177,43.36655,-80.99471,29,2006
1002177,43.36626,-80.99485,30,2057
1002177,43.36603,-80.99434,31,2130
1002177,43.36576,-80.99372,32,2246
1002177,43.365669,-80.993639,33,2264
1002177,43.36516,-80.99238,34,2381
1002177,43.36464,-80.9912,35,2493
1002177,43.36437,-80.99063,36,2560
1002177,43.3638,-80.98939,37,2679
1002177,43.36373,-80.98935,38,2687
1002177,43.36364,-80.98937,39,2699
1002177,43.363393,-80.989765,40,2761
1002177,43.36304,-80.9899,41,2802
1002177,43.36221,-80.99063,42,2917
1002177,43.361863,-80.990992,43,2985
1002177,43.36085,-80.9918,44,3115
1002177,43.360431,-80.992327,45,3202
1002177,43.36018,-80.99238,46,3230
1002177,43.35935,-80.99309,47,3343
1002177,43.35852,-80.99381,48,3452
1002177,43.3582,-80.99408,49,3507
1002177,43.3575,-80.99467,50,3619
1002177,43.357061,-80.995137,51,3681
1002177,43.35684,-80.99523,52,3707
1002177,43.356234,-80.995843,53,3811
1002177,43.35597,-80.99606,54,3845
1002177,43.35596,-80.99613,55,3852
1002177,43.35646,-80.99725,56,3958
1002177,43.35694,-80.99832,57,4060
1002177,43.357172,-80.998871,58,4126
1002177,43.35775,-81.00014,59,4247
1002177,43.35826,-81.00128,60,4355
1002177,43.35838,-81.00151,61,4378
1002177,43.35841,-81.00155,62,4384
1002177,43.3585,-81.00158,63,4394
1002177,43.35855,-81.00156,64,4400
1002177,43.35938,-81.0008,65,4513
1002177,43.35953,-81.00066,66,4543
1002177,43.36022,-81.00008,67,4646
1002177,43.3611,-80.99932,68,4762
1002177,43.36162,-80.99886,69,4854
1002177,43.36265,-80.99802,70,4987
1002177,43.363056,-80.997535,71,5047
1002177,43.36328,-80.99747,72,5072
1002177,43.36405,-80.99682,73,5172
1002177,43.36434,-80.996491,74,5231
1002177,43.3647,-80.99625,75,5276
1002177,43.36474,-80.99624,76,5282
1002177,43.36483,-80.99631,77,5293
1002177,43.36531,-80.99744,78,5399
1002177,43.36581,-80.99854,79,5504
1002177,43.366053,-80.998908,80,5563
1002177,43.36545,-81.00091,81,5739
1002177,43.365431,-81.000943,82,5744
1002177,43.36542,-81.00155,83,5803
1002177,43.36578,-81.00275,84,5909
1002177,43.365863,-81.003105,85,5954
1002177,43.36596,-81.00347,86,5985
1002177,43.36595,-81.00399,87,6027
1002177,43.36591,-81.00407,88,6035
1002177,43.36511,-81.00439,89,6129
1002177,43.3649,-81.00456,90,6156
1002177,43.36485,-81.00462,91,6164
1002177,43.36482,-81.00468,92,6171
1002177,43.36481,-81.00484,93,6184
1002177,43.36484,-81.00494,94,6193
1002177,43.36538,-81.00607,95,6303
1002177,43.365503,-81.006175,96,6327
1002177,43.36576,-81.0077,97,6454
1002177,43.365953,-81.008178,98,6516
1002177,43.36595,-81.00945,99,6619
1002177,43.3658,-81.01041,100,6700
1002177,43.36573,-81.01056,101,6714
1002177,43.36568,-81.01062,102,6723
1002177,43.36561,-81.01067,103,6732
1002177,43.364852,-81.010814,104,6836
1002177,43.36466,-81.01073,105,6858
1002177,43.36399,-81.00912,106,7014
1002177,43.36349,-81.00816,107,7122
1002177,43.36292,-81.00678,108,7251
1002177,43.36277,-81.00649,109,7280
1002177,43.36269,-81.00647,110,7290
1002177,43.36258,-81.00654,111,7303
1002177,43.362246,-81.006937,112,7374
1002177,43.36131,-81.00768,113,7494
1002177,43.36119,-81.00774,114,7515
1002177,43.36107,-81.00764,115,7531
1002177,43.36057,-81.00652,116,7652
1002177,43.36005,-81.00534,117,7764
1002177,43.35957,-81.00426,118,7867
1002177,43.35909,-81.00318,119,7970
1002177,43.35862,-81.00212,120,8071
1002177,43.35843,-81.00171,121,8120
1002177,43.35782,-81.00035,122,8249
1002177,43.35734,-80.99927,123,8361
1002177,43.35678,-80.99801,124,8481
1002177,43.35625,-80.99685,125,8593
1002177,43.35593,-80.99612,126,8662
1002177,43.35592,-80.99603,127,8670
1002177,43.35593,-80.99594,128,8678
1002177,43.35602,-80.99579,129,8694
1002177,43.356658,-80.995251,130,8798
1002177,43.35767,-80.99442,131,8929
1002177,43.35848,-80.99374,132,9037
1002177,43.35926,-80.99305,133,9142
1002177,43.36013,-80.9923,134,9256
1002177,43.36095,-80.99162,135,9365
1002177,43.360915,-80.991544,136,9376
1002177,43.36109,-80.99147,137,9410
1002177,43.36186,-80.99083,138,9518
1002177,43.3627,-80.99012,139,9628
1002177,43.36311,-80.98971,140,9684
1002177,43.36319,-80.9897,141,9698
1002177,43.36396,-80.98905,142,9804
1002177,43.36479,-80.98839,143,9911
1002177,43.365401,-80.987815,144,9993
1002177,43.36605,-80.98734,145,10093
1002177,43.36689,-80.98663,146,10203
1002177,43.3677,-80.98595,147,10311
1002177,43.368516,-80.985128,148,10424
1002177,43.36925,-80.98456,149,10518
1002177,43.36928,-80.98446,150,10527
1002177,43.36926,-80.98435,151,10539
1002177,43.3687,-80.98329,152,10649
1002177,43.36822,-80.98214,153,10756
1002177,43.36767,-80.98098,154,10868
1002177,43.36744,-80.98048,155,10916
1002177,43.36735,-80.98038,156,10929
1002177,43.367071,-80.98032,157,10980
1002177,43.36685,-80.98011,158,11010
1002177,43.36598,-80.97962,159,11115
1002177,43.365741,-80.980051,160,11187
1002624,43.365741,-80.980051,0,0
1002624,43.36575,-80.97964,1,61
1002624,43.3658,-80.97951,2,73
1002624,43.36588,-80.9795,3,82
1002624,43.36668,-80.97998,4,185
1002624,43.36751,-80.98048,5,286
1002624,43.368,-80.98158,6,394
1002624,43.36826,-80.98206,7,442
1002624,43.36834,-80.98236,8,468
1002624,43.36889,-80.98358,9,584
1002624,43.36941,-80.98471,10,692
1002624,43.369689,-80.985282,11,770
1002624,43.36973,-80.98533,12,776
1002624,43.370146,-80.986423,13,876
1002624,43.37,-80.98672,14,905
1002624,43.36919,-80.9874,15,1012
1002624,43.368595,-80.987874,16,1110
1002624,43.36766,-80.9887,17,1234
1002624,43.36687,-80.98937,18,1337
1002624,43.366715,-80.989575,19,1383
1002624,43.36648,-80.98974,20,1412
1002624,43.3665,-80.98986,21,1422
1002624,43.36704,-80.99094,22,1533
1002624,43.36754,-80.99205,23,1639
1002624,43.36791,-80.99273,24,1724
1002624,43.36809,-80.99323,25,1769
1002624,43.3681,-80.99333,26,1777
1002624,43.36804,-80.99343,27,1787
1002624,43.36718,-80.99422,28,1902
1002624,43.36634,-80.99489,29,2015
1002624,43.36634,-80.99499,30,2023
1002624,43.36637,-80.9951,31,2033
1002624,43.3669,-80.99618,32,2142
1002624,43.36719,-80.99676,33,2199
1002624,43.36757,-80.99779,34,2301
1002624,43.36805,-80.99888,35,2410
1002624,43.36855,-81.00002,36,2518
1002624,43.36896,-81.00096,37,2607
1002624,43.36896,-81.00103,38,2614
1002624,43.36895,-81.00109,39,2621
1002624,43.36892,-81.00116,40,2629
1002624,43.36829,-81.00168,41,2711
1002624,43.36821,-81.00169,42,2720
1002624,43.36799,-81.001503,43,2749
1002624,43.36856,-81.00086,44,2831
1002624,43.36868,-81.0006,45,2856
1002624,43.3687,-81.00046,46,2868
1002624,43.3687,-81.00038,47,2877
1002624,43.36862,-81.00013,48,2920
1002624,43.36798,-80.99876,49,3052
1002624,43.367588,-80.998116,50,3137
1002624,43.36754,-80.99776,51,3166
1002624,43.36714,-80.99675,52,3268
1002624,43.36663,-80.99565,53,3374
1002624,43.36609,-80.99446,54,3488
1002624,43.365669,-80.993639,55,3586
1002624,43.36516,-80.99238,56,3703
1002624,43.36464,-80.9912,57,3815
1002624,43.36437,-80.99063,58,3882
1002624,43.3638,-80.98939,59,4001
1002624,43.36373,-80.98935,60,4009
1002624,43.36364,-80.98937,61,4021
1002624,43.363393,-80.989765,62,4083
1002624,43.36304,-80.9899,63,4124
1002624,43.36221,-80.99063,64,4239
1002624,43.361863,-80.990992,65,4307
1002624,43.36085,-80.9918,66,4437
1002624,43.360431,-80.992327,67,4524
1002624,43.36018,-80.99238,68,4552
1002624,43.35935,-80.99309,69,4665
1002624,43.35852,-80.99381,70,4774
1002624,43.3582,-80.99408,71,4829
1002624,43.3575,-80.99467,72,4941
1002624,43.357061,-80.995137,73,5003
1002624,43.35684,-80.99523,74,5029
1002624,43.356234,-80.995843,75,5133
1002624,43.35597,-80.99606,76,5167
1002624,43.35596,-80.99613,77,5174
1002624,43.35646,-80.99725,78,5280
1002624,43.35694,-80.99832,79,5382
1002624,43.357172,-80.998871,80,5448
1002624,43.35775,-81.00014,81,5569
1002624,43.35826,-81.00128,82,5677
1002624,43.35838,-81.00151,83,5700
1002624,43.35841,-81.00155,84,5706
1002624,43.3585,-81.00158,85,5716
1002624,43.35855,-81.00156,86,5722
1002624,43.35938,-81.0008,87,5835
1002624,43.35953,-81.00066,88,5865
1002624,43.36022,-81.00008,89,5968
1002624,43.3611,-80.99932,90,6084
1002624,43.36162,-80.99886,91,6176
1002624,43.36265,-80.99802,92,6309
1002624,43.363056,-80.997535,93,6369
1002624,43.36328,-80.99747,94,6394
1002624,43.36405,-80.99682,95,6494
1002624,43.36434,-80.996491,96,6553
1002624,43.3647,-80.99625,97,6598
1002624,43.36474,-80.99624,98,6604
1002624,43.36483,-80.99631,99,6615
1002624,43.36531,-80.99744,100,6721
1002624,43.36581,-80.99854,101,6826
1002624,43.366053,-80.998908,102,6885
1002624,43.36545,-81.00091,103,7061
1002624,43.365431,-81.000943,104,7066
1002624,43.36542,-81.00155,105,7125
1002624,43.36578,-81.00275,106,7231
1002624,43.365863,-81.003105,107,7276
1002624,43.36596,-81.00347,108,7307
1002624,43.36595,-81.00399,109,7349
1002624,43.36591,-81.00407,110,7357
1002624,43.36511,-81.00439,111,7451
1002624,43.3649,-81.00456,112,7478
1002624,43.36485,-81.00462,113,7486
1002624,43.36482,-81.00468,114,7493
1002624,43.36481,-81.00484,115,7506
1002624,43.36484,-81.00494,116,7515
1002624,43.36538,-81.00607,117,7625
1002624,43.365503,-81.006175,118,7649
1002624,43.36576,-81.0077,119,7776
1002624,43.365953,-81.008178,120,7838
1002624,43.36595,-81.00945,121,7941
1002624,43.3658,-81.01041,122,8022
1002624,43.36573,-81.01056,123,8036
1002624,43.36568,-81.01062,124,8045
1002624,43.36561,-81.01067,125,8054
1002624,43.364852,-81.010814,126,8158
1002624,43.36466,-81.01073,127,8180
1002624,43.36399,-81.00912,128,8336
1002624,43.36349,-81.00816,129,8444
1002624,43.36292,-81.00678,130,8573
1002624,43.36277,-81.00649,131,8602
1002624,43.36269,-81.00647,132,8612
1002624,43.36258,-81.00654,133,8625
1002624,43.362246,-81.006937,134,8696
1002624,43.36131,-81.00768,135,8816
1002624,43.36119,-81.00774,136,8837
1002624,43.36107,-81.00764,137,8853
1002624,43.36057,-81.00652,138,8974
1002624,43.36005,-81.00534,139,9086
1002624,43.35957,-81.00426,140,9189
1002624,43.35909,-81.00318,141,9292
1002624,43.35862,-81.00212,142,9393
1002624,43.35843,-81.00171,143,9442
1002624,43.35782,-81.00035,144,9571
1002624,43.35734,-80.99927,145,9683
1002624,43.35678,-80.99801,146,9803
1002624,43.35625,-80.99685,147,9915
1002624,43.35593,-80.99612,148,9984
1002624,43.35592,-80.99603,149,9992
1002624,43.35593,-80.99594,150,10000
1002624,43.35602,-80.99579,151,10016
1002624,43.356658,-80.995251,152,10120
1002624,43.35767,-80.99442,153,10251
1002624,43.35848,-80.99374,154,10359
1002624,43.35926,-80.99305,155,10464
1002624,43.36013,-80.9923,156,10578
1002624,43.36095,-80.99162,157,10687
1002624,43.360915,-80.991544,158,10698
1002624,43.36109,-80.99147,159,10732
1002624,43.36186,-80.99083,160,10840
1002624,43.3627,-80.99012,161,10950
1002624,43.36311,-80.98971,162,11006
1002624,43.36319,-80.9897,163,11020
1002624,43.36396,-80.98905,164,11126
1002624,43.36479,-80.98839,165,11233
1002624,43.365401,-80.987815,166,11315
1002624,43.36605,-80.98734,167,11415
1002624,43.36689,-80.98663,168,11525
1002624,43.3677,-80.98595,169,11633
1002624,43.368516,-80.985128,170,11746
1002624,43.36862,-80.9851,171,11758
1002624,43.36921,-80.98466,172,11833
1002624,43.3693,-80.98456,173,11846
1002624,43.3693,-80.98447,174,11854
1002624,43.36891,-80.98356,175,11940
1002624,43.36894,-80.98347,176,11948
1002624,43.369505,-80.98267,177,12050
1002624,43.36957,-80.98235,178,12077
1002624,43.36956,-80.98169,179,12131
1002624,43.36953,-80.98162,180,12142
1002624,43.36862,-80.98107,181,12252
1002624,43.36773,-80.9806,182,12358
1002624,43.367071,-80.98032,183,12457
1002624,43.36685,-80.98011,184,12487
1002624,43.36598,-80.97962,185,12592
1002624,43.365741,-80.980051,186,12664
1002795,43.365741,-80.980051,0,0
1002795,43.3658,-80.98061,1,46
1002795,43.36582,-80.98069,2,53
1002795,43.36588,-80.98079,3,63
1002795,43.36599,-80.9808,4,75
1002795,43.36605,-80.98069,5,86
1002795,43.36604,-80.98047,6,104
1002795,43.36576,-80.97967,7,176
1002795,43.36583,-80.9795,8,192
1002795,43.36673,-80.97997,9,299
1002795,43.36769,-80.97992,10,406
1002795,43.368835,-80.979812,11,534
1002795,43.36994,-80.97981,12,657
1002795,43.37083,-80.97976,13,758
1002795,43.3711,-80.97976,14,804
1002795,43.37135,-80.97971,15,832
1002795,43.37132,-80.97859,16,933
1002795,43.37132,-80.97757,17,1026
1002795,43.37126,-80.97579,18,1170
1002795,43.37124,-80.97462,19,1270
1002795,43.37127,-80.973692,20,1371
1002795,43.37121,-80.97218,21,1494
1002795,43.37118,-80.97086,22,1601
1002795,43.371158,-80.970159,23,1690
1002795,43.37116,-80.96894,24,1797
1002795,43.37113,-80.96757,25,1908
1002795,43.371079,-80.966744,26,1975
1002795,43.37109,-80.96554,27,2079
1002795,43.37107,-80.96429,28,2180
1002795,43.371063,-80.963324,29,2258
1002795,43.37103,-80.96173,30,2387
1002795,43.37102,-80.96038,31,2496
1002795,43.37101,-80.96018,32,2512
1002795,43.37106,-80.96008,33,2522
1002795,43.37109,-80.96005,34,2528
1002795,43.3712,-80.96001,35,2541
1002795,43.37137,-80.96002,36,2569
1002795,43.37227,-80.95998,37,2679
1002795,43.37254,-80.96,38,2709
1002795,43.3726,-80.95992,39,2718
1002795,43.37258,-80.95874,40,2819
1002795,43.37258,-80.95837,41,2867
1002795,43.37261,-80.95681,42,2993
1002795,43.372546,-80.956544,43,3027
1002795,43.37266,-80.95494,44,3158
1002795,43.372774,-80.953879,45,3258
1002795,43.37291,-80.95212,46,3401
1002795,43.372875,-80.951609,47,3469
1002795,43.37288,-80.95012,48,3590
1002795,43.37287,-80.94935,49,3652
1002795,43.37302,-80.94904,50,3682
1002795,43.37398,-80.94905,51,3790
1002795,43.374761,-80.948962,52,3893
1002795,43.37492,-80.94935,53,3929
1002795,43.37487,-80.95069,54,4040
1002795,43.374906,-80.951003,55,4082
1002795,43.37481,-80.9526,56,4212
1002795,43.37479,-80.95376,57,4313
1002795,43.3748,-80.95393,58,4334
1002795,43.37472,-80.95538,59,4452
1002795,43.37473,-80.95687,60,4573
1002795,43.37477,-80.95694,61,4584
1002795,43.37475,-80.9584,62,4702
1002795,43.374836,-80.959383,63,4808
1002795,43.37478,-80.95979,64,4842
1002795,43.37479,-80.96124,65,4960
1002795,43.374774,-80.961167,66,4969
1002795,43.37482,-80.96229,67,5073
1002795,43.37491,-80.962895,68,5150
1002795,43.37511,-80.96313,69,5179
1002795,43.37608,-80.96312,70,5288
1002795,43.37712,-80.96313,71,5404
1002795,43.37805,-80.96311,72,5510
1002795,43.37878,-80.963048,73,5605
1002795,43.3798,-80.96311,74,5718
1002795,43.38041,-80.96308,75,5807
1002795,43.3815,-80.96311,76,5928
1002795,43.3824,-80.96311,77,6036
1002795,43.382427,-80.963022,78,6048
1002795,43.38265,-80.96309,79,6073
1002795,43.38359,-80.96308,80,6179
1002795,43.38417,-80.9631,81,6253
1002795,43.3854,-80.9631,82,6390
1002795,43.3864,-80.9631,83,6502
1002795,43.38734,-80.9631,84,6610
1002795,43.38834,-80.96309,85,6721
1002795,43.38848,-80.96306,86,6745
1002795,43.38914,-80.96306,87,6818
1002795,43.38922,-80.96304,88,6827
1002795,43.38925,-80.96301,89,6833
1002795,43.38928,-80.96294,90,6841
1002795,43.38925,-80.96165,91,6946
1002795,43.38924,-80.96037,92,7050
1002795,43.389172,-80.960459,93,7066
1002795,43.38924,-80.96007,94,7098
1002795,43.38922,-80.95872,95,7207
1002795,43.38919,-80.95857,96,7220
1002795,43.38917,-80.95852,97,7226
1002795,43.38907,-80.95846,98,7238
1002795,43.3881,-80.9585,99,7350
1002795,43.387935,-80.958566,100,7376
1002795,43.38684,-80.9585,101,7498
1002795,43.38593,-80.95851,102,7601
1002795,43.3849,-80.9585,103,7715
1002795,43.384589,-80.958617,104,7777
1002795,43.38441,-80.95886,105,7805
1002795,43.38438,-80.95949,106,7856
1002795,43.3837,-80.96112,107,8014
1002795,43.38357,-80.96163,108,8058
1002795,43.38355,-80.96261,109,8156
1002795,43.38353,-80.9642,110,8285
1002795,43.38354,-80.96542,111,8388
1002795,43.38365,-80.96671,112,8494
1002795,43.38369,-80.967301,113,8575
1002795,43.38394,-80.96894,114,8711
1002795,43.38401,-80.97026,115,8818
1002795,43.38405,-80.97082,116,8886
1002795,43.38415,-80.97203,117,8985
1002795,43.38413,-80.9721,118,8991
1002795,43.38318,-80.97288,119,9114
1002795,43.38271,-80.973306,120,9202
1002795,43.38175,-80.97409,121,9326
1002795,43.38109,-80.97466,122,9413
1002795,43.38102,-80.97469,123,9421
1002795,43.38094,-80.97464,124,9431
1002795,43.38081,-80.97434,125,9461
1002795,43.38073,-80.97304,126,9567
1002795,43.380711,-80.972522,127,9634
1002795,43.38071,-80.9708,128,9774
1002795,43.38073,-80.96966,129,9876
1002795,43.38074,-80.96829,130,9987
1002795,43.380725,-80.968239,131,9994
1002795,43.38077,-80.96702,132,10093
1002795,43.38091,-80.96646,133,10141
1002795,43.38088,-80.96632,134,10154
1002795,43.38057,-80.96596,135,10216
1002795,43.37948,-80.96631,136,10340
1002795,43.37895,-80.96635,137,10399
1002795,43.37886,-80.96633,138,10409
1002795,43.37882,-80.96625,139,10417
1002795,43.37879,-80.96478,140,10544
1002795,43.378705,-80.96409,141,10613
1002795,43.37876,-80.96375,142,10641
1002795,43.37875,-80.96324,143,10682
1002795,43.3787,-80.96316,144,10691
1002795,43.37865,-80.96313,145,10697
1002795,43.37775,-80.96316,146,10798
1002795,43.377483,-80.963246,147,10844
1002795,43.37721,-80.96317,148,10875
1002795,43.3763,-80.96317,149,10979
1002795,43.375547,-80.963287,150,11082
1002795,43.37532,-80.96318,151,11109
1002795,43.37431,-80.96318,152,11221
1002795,43.37337,-80.96317,153,11329
1002795,43.373038,-80.963206,154,11389
1002795,43.372,-80.96318,155,11504
1002795,43.371587,-80.963231,156,11568
1002795,43.37151,-80.96321,157,11577
1002795,43.37046,-80.96323,158,11699
1002795,43.3695,-80.96325,159,11806
1002795,43.36942,-80.96329,160,11815
1002795,43.36939,-80.9634,161,11825
1002795,43.369478,-80.964152,162,11917
1002795,43.36946,-80.9658,163,12051
1002795,43.36953,-80.96687,164,12163
1002795,43.36949,-80.96706,165,12191
1002795,43.36952,-80.96835,166,12296
1002795,43.36954,-80.96971,167,12406
1002795,43.36958,-80.97027,168,12452
1002795,43.36959,-80.97143,169,12556
1002795,43.36962,-80.97274,170,12662
1002795,43.36965,-80.97366,171,12739
1002795,43.36965,-80.97527,172,12869
1002795,43.36969,-80.97663,173,12979
1002795,43.36972,-80.97697,174,13021
1002795,43.36971,-80.97851,175,13146
1002795,43.36978,-80.97936,176,13237
1002795,43.36974,-80.97979,177,13272
1002795,43.36969,-80.97989,178,13282
1002795,43.3696,-80.97991,179,13292
1002795,43.36932,-80.97986,180,13341
1002795,43.36825,-80.9799,181,13460
1002795,43.36725,-80.97999,182,13571
1002795,43.36674,-80.98008,183,13628
1002795,43.36586,-80.97959,184,13737
1002795,43.36562,-80.97944,185,13766
1002795,43.36554,-80.97947,186,13775
1002795,43.3655,-80.97957,187,13784
1002795,43.365741,-80.980051,188,13831
1003219,43.365741,-80.980051,0,0
1003219,43.36579,-80.97959,1,38
1003219,43.36584,-80.97953,2,47
1003219,43.36597,-80.97955,3,62
1003219,43.36671,-80.97996,4,151
1003219,43.36732,-80.9799,5,224
1003219,43.36737,-80.97991,6,230
1003219,43.36745,-80.97979,7,243
1003219,43.36742,-80.97861,8,345
1003219,43.36739,-80.97723,9,457
1003219,43.36736,-80.97645,10,520
1003219,43.36734,-80.97495,11,642
1003219,43.36731,-80.97375,12,759
1003219,43.36729,-80.9724,13,870
1003219,43.367219,-80.971001,14,984
1003219,43.36726,-80.97069,15,1019
1003219,43.36723,-80.9693,16,1132
1003219,43.36723,-80.96889,17,1177
1003219,43.36718,-80.96738,18,1300
1003219,43.36718,-80.96656,19,1388
1003219,43.36714,-80.965,20,1515
1003219,43.36706,-80.963885,21,1622
1003219,43.36716,-80.96326,22,1674
1003219,43.36722,-80.96318,23,1683
1003219,43.36815,-80.96314,24,1789
1003219,43.368429,-80.963087,25,1847
1003219,43.3686,-80.96273,26,1882
1003219,43.36856,-80.96135,27,1994
1003219,43.3685,-80.96033,28,2101
1003219,43.36851,-80.95887,29,2219
1003219,43.36847,-80.958,30,2290
1003219,43.36845,-80.95791,31,2298
1003219,43.368396,-80.957944,32,2308
1003219,43.36714,-80.95777,33,2448
1003219,43.36701,-80.95769,34,2471
1003219,43.36698,-80.95757,35,2481
1003219,43.36694,-80.9562,36,2596
1003219,43.36691,-80.95487,37,2704
1003219,43.36691,-80.95387,38,2817
1003219,43.36689,-80.95247,39,2931
1003219,43.36677,-80.95156,40,3037
1003219,43.36684,-80.95132,41,3058
1003219,43.36683,-80.95013,42,3166
1003219,43.36681,-80.94883,43,3271
1003219,43.36681,-80.94833,44,3312
1003219,43.36683,-80.94822,45,3323
1003219,43.36691,-80.94802,46,3341
1003219,43.36696,-80.94794,47,3352
1003219,43.36702,-80.94788,48,3363
1003219,43.36718,-80.9478,49,3382
1003219,43.36811,-80.948,50,3487
1003219,43.36904,-80.94814,51,3592
1003219,43.369501,-80.948112,52,3643
1003219,43.37066,-80.94819,53,3772
1003219,43.37154,-80.94823,54,3877
1003219,43.371787,-80.948235,55,3918
1003219,43.37275,-80.94825,56,4025
1003219,43.37288,-80.94826,57,4039
1003219,43.37295,-80.9482,58,4048
1003219,43.37297,-80.94814,59,4054
1003219,43.37298,-80.94807,60,4060
1003219,43.372867,-80.946498,61,4188
1003219,43.37363,-80.9454,62,4311
1003219,43.37403,-80.94491,63,4371
1003219,43.374088,-80.944719,64,4403
1003219,43.37444,-80.94499,65,4448
1003219,43.37471,-80.94535,66,4494
1003219,43.37482,-80.94561,67,4518
1003219,43.37491,-80.94701,68,4632
1003219,43.374907,-80.947126,69,4646
1003219,43.37493,-80.9487,70,4774
1003219,43.37489,-80.94989,71,4881
1003219,43.374906,-80.951003,72,4984
1003219,43.37481,-80.9526,73,5114
1003219,43.37479,-80.95376,74,5215
1003219,43.3748,-80.95393,75,5236
1003219,43.37472,-80.95538,76,5354
1003219,43.37473,-80.95687,77,5475
1003219,43.37477,-80.95694,78,5486
1003219,43.37475,-80.9584,79,5604
1003219,43.374836,-80.959383,80,5710
1003219,43.37478,-80.95979,81,5744
1003219,43.37479,-80.96124,82,5862
1003219,43.374774,-80.961167,83,5871
1003219,43.37482,-80.96229,84,5975
1003219,43.37491,-80.962895,85,6052
1003219,43.37468,-80.9632,86,6088
1003219,43.37379,-80.96316,87,6199
1003219,43.373038,-80.963206,88,6287
1003219,43.372,-80.96318,89,6402
1003219,43.371587,-80.963231,90,6466
1003219,43.3713,-80.96319,91,6498
1003219,43.37116,-80.96325,92,6515
1003219,43.37113,-80.96338,93,6526
1003219,43.37118,-80.96464,94,6633
1003219,43.37121,-80.96591,95,6738
1003219,43.371224,-80.966643,96,6808
1003219,43.37124,-80.96672,97,6815
1003219,43.37122,-80.96797,98,6925
1003219,43.37125,-80.96937,99,7039
1003219,43.371298,-80.970365,100,7120
1003219,43.37129,-80.97193,101,7247
1003219,43.371341,-80.973132,102,7363
1003219,43.37134,-80.97471,103,7491
1003219,43.37135,-80.97594,104,7594
1003219,43.371401,-80.976451,105,7651
1003219,43.37139,-80.97801,106,7777
1003219,43.37141,-80.97924,107,7877
1003219,43.37142,-80.97967,108,7912
1003219,43.37139,-80.97976,109,7921
1003219,43.37132,-80.97981,110,7930
1003219,43.370956,-80.979878,111,7991
1003219,43.37087,-80.97984,112,8008
1003219,43.36991,-80.97985,113,8115
1003219,43.36932,-80.97986,114,8196
1003219,43.36825,-80.9799,115,8315
1003219,43.36725,-80.97999,116,8426
1003219,43.36674,-80.98008,117,8483
1003219,43.36586,-80.97959,118,8592
1003219,43.36562,-80.97944,119,8621
1003219,43.36554,-80.97947,120,8630
1003219,43.3655,-80.97957,121,8639
1003219,43.365741,-80.980051,122,8686
1003251,43.365741,-80.980051,0,0
1003251,43.36578,-80.97964,1,34
1003251,43.36588,-80.97952,2,49
1003251,43.36689,-80.98009,3,174
1003251,43.36775,-80.98059,4,281
1003251,43.36871,-80.98112,5,396
1003251,43.36962,-80.98162,6,505
1003251,43.37046,-80.98204,7,604
1003251,43.37137,-80.98231,8,718
1003251,43.37146,-80.98237,9,729
1003251,43.37149,-80.98243,10,736
1003251,43.37151,-80.98251,11,745
1003251,43.37153,-80.98379,12,851
1003251,43.37155,-80.98425,13,888
1003251,43.37162,-80.98442,14,904
1003251,43.37248,-80.98502,15,1012
1003251,43.37282,-80.98521,16,1073
1003251,43.37304,-80.98536,17,1100
1003251,43.37322,-80.98535,18,1120
1003251,43.37338,-80.98527,19,1139
1003251,43.373948,-80.984688,20,1237
1003251,43.37425,-80.98456,21,1272
1003251,43.37433,-80.98461,22,1282
1003251,43.37482,-80.98575,23,1393
1003251,43.375011,-80.986076,24,1446
1003251,43.37512,-80.98647,25,1480
1003251,43.37563,-80.98754,26,1584
1003251,43.37593,-80.98801,27,1647
1003251,43.37601,-80.98841,28,1681
1003251,43.3765,-80.98947,29,1783
1003251,43.37664,-80.98976,30,1811
1003251,43.37668,-80.98989,31,1822
1003251,43.37676,-80.98994,32,1832
1003251,43.37685,-80.98991,33,1842
1003251,43.37757,-80.98922,34,1945
1003251,43.377571,-80.989164,35,1952
1003251,43.37843,-80.98851,36,2061
1003251,43.37849,-80.98844,37,2073
1003251,43.37851,-80.98839,38,2079
1003251,43.3785,-80.98823,39,2092
1003251,43.37851,-80.98816,40,2099
1003251,43.37857,-80.98803,41,2111
1003251,43.37862,-80.98799,42,2118
1003251,43.37874,-80.98799,43,2131
1003251,43.37881,-80.98802,44,2139
1003251,43.3789,-80.98813,45,2152
1003251,43.37885,-80.98864,46,2194
1003251,43.37887,-80.98872,47,2201
1003251,43.37912,-80.98915,48,2259
1003251,43.37972,-80.99052,49,2388
1003251,43.38017,-80.99155,50,2490
1003251,43.38064,-80.99263,51,2592
1003251,43.38114,-80.99371,52,2696
1003251,43.381626,-80.994814,53,2818
1003251,43.3818,-80.99521,54,2855
1003251,43.38189,-80.9952,55,2865
1003251,43.38265,-80.99449,56,2967
1003251,43.38347,-80.99379,57,3074
1003251,43.383756,-80.99342,58,3123
1003251,43.38392,-80.99338,59,3142
1003251,43.38475,-80.99272,60,3252
1003251,43.3856,-80.99201,61,3363
1003251,43.38641,-80.99133,62,3469
1003251,43.38641,-80.99132,63,3470
1003251,43.38738,-80.9905,64,3597
1003251,43.38756,-80.99035,65,3620
1003251,43.38766,-80.99032,66,3631
1003251,43.38772,-80.99035,67,3640
1003251,43.38778,-80.9904,68,3649
1003251,43.38825,-80.99145,69,3749
1003251,43.38829,-80.9915,70,3755
1003251,43.38839,-80.99155,71,3767
1003251,43.38844,-80.99154,72,3774
1003251,43.38913,-80.99089,73,3880
1003251,43.39007,-80.99009,74,4003
1003251,43.39046,-80.98973,75,4079
1003251,43.3904,-80.98953,76,4110
1003251,43.38979,-80.98856,77,4216
1003251,43.38916,-80.98753,78,4325
1003251,43.38854,-80.98645,79,4436
1003251,43.38817,-80.98559,80,4517
1003251,43.3881,-80.98553,81,4528
1003251,43.38762,-80.98436,82,4637
1003251,43.38739,-80.98389,83,4683
1003251,43.38734,-80.98386,84,4689
1003251,43.38724,-80.98388,85,4700
1003251,43.38646,-80.98457,86,4803
1003251,43.38569,-80.98523,87,4904
1003251,43.38553,-80.98535,88,4924
1003251,43.38547,-80.98535,89,4931
1003251,43.38537,-80.98529,90,4943
1003251,43.384915,-80.984645,91,5029
1003251,43.38496,-80.98428,92,5059
1003251,43.38499,-80.9842,93,5067
1003251,43.38592,-80.98344,94,5187
1003251,43.386082,-80.983385,95,5215
1003251,43.38681,-80.98269,96,5314
1003251,43.38681,-80.98258,97,5323
1003251,43.38642,-80.98157,98,5418
1003251,43.38618,-80.98029,99,5525
1003251,43.386224,-80.978778,100,5668
1003251,43.38635,-80.97869,101,5684
1003251,43.38649,-80.97811,102,5736
1003251,43.38651,-80.97783,103,5759
1003251,43.38648,-80.97738,104,5801
1003251,43.38632,-80.9768,105,5851
1003251,43.385994,-80.976133,106,5916
1003251,43.3855,-80.97504,107,6021
1003251,43.38515,-80.97431,108,6092
1003251,43.3847,-80.97327,109,6203
1003251,43.384226,-80.972304,110,6314
1003251,43.38406,-80.97167,111,6377
1003251,43.38398,-80.97036,112,6484
1003251,43.3839,-80.96908,113,6588
1003251,43.38373,-80.96775,114,6697
1003251,43.38375,-80.9676,115,6709
1003251,43.38378,-80.96755,116,6716
1003251,43.38432,-80.96751,117,6776
1003251,43.384332,-80.967527,118,6779
1003251,43.38443,-80.96723,119,6805
1003251,43.38416,-80.96599,120,6910
1003251,43.38408,-80.96545,121,6955
1003251,43.38409,-80.96538,122,6961
1003251,43.38414,-80.96526,123,6972
1003251,43.38419,-80.96522,124,6980
1003251,43.384984,-80.96512,125,7080
1003251,43.38527,-80.96525,126,7113
1003251,43.38623,-80.96522,127,7220
1003251,43.3865,-80.96521,128,7250
1003251,43.38661,-80.96527,129,7263
1003251,43.38685,-80.96601,130,7329
1003251,43.38678,-80.96614,131,7342
1003251,43.38686,-80.96675,132,7392
1003251,43.38684,-80.96722,133,7432
1003251,43.386672,-80.967674,134,7481
1003251,43.38661,-80.9681,135,7516
1003251,43.38718,-80.96911,136,7619
1003251,43.387098,-80.969023,137,7639
1003251,43.38724,-80.96936,138,7671
1003251,43.38723,-80.96941,139,7677
1003251,43.38719,-80.96951,140,7689
1003251,43.38637,-80.97017,141,7795
1003251,43.38555,-80.97086,142,7904
1003251,43.38477,-80.97154,143,8007
1003251,43.384535,-80.971905,144,8063
1003251,43.38431,-80.97198,145,8089
1003251,43.38428,-80.97204,146,8096
1003251,43.38428,-80.9722,147,8109
1003251,43.3847,-80.97323,148,8211
1003251,43.385,-80.97396,149,8279
1003251,43.38501,-80.97407,150,8291
1003251,43.384338,-80.974594,151,8389
1003251,43.38362,-80.97523,152,8491
1003251,43.38321,-80.97561,153,8546
1003251,43.38245,-80.97625,154,8651
1003251,43.3823,-80.97642,155,8673
1003251,43.381869,-80.977362,156,8763
1003251,43.38197,-80.97824,157,8835
1003251,43.38275,-80.98011,158,9010
1003251,43.383177,-80.980896,159,9098
1003251,43.38332,-80.9814,160,9142
1003251,43.38386,-80.98245,161,9246
1003251,43.38401,-80.98253,162,9281
1003251,43.38376,-80.9834,163,9357
1003251,43.38362,-80.98362,164,9381
1003251,43.38319,-80.98405,165,9440
1003251,43.38314,-80.98406,166,9448
1003251,43.38302,-80.98402,167,9462
1003251,43.382687,-80.983475,168,9547
1003251,43.38248,-80.98332,169,9573
1003251,43.38243,-80.98334,170,9580
1003251,43.38232,-80.98331,171,9592
1003251,43.38221,-80.98321,172,9607
1003251,43.38169,-80.9821,173,9721
1003251,43.381613,-80.982064,174,9735
1003251,43.38153,-80.98172,175,9764
1003251,43.38114,-80.98084,176,9847
1003251,43.38107,-80.9808,177,9855
1003251,43.38097,-80.98084,178,9867
1003251,43.380913,-80.981023,179,9898
1003251,43.38068,-80.98111,180,9925
1003251,43.38041,-80.98138,181,9963
1003251,43.38035,-80.98147,182,9973
1003251,43.38027,-80.98167,183,9993
1003251,43.38006,-80.982557,184,10089
1003251,43.37998,-80.98274,185,10106
1003251,43.37989,-80.98285,186,10122
1003251,43.37984,-80.98285,187,10129
1003251,43.37912,-80.98219,188,10225
1003251,43.37883,-80.981715,189,10275
1003251,43.37876,-80.9814,190,10302
1003251,43.3783,-80.98036,191,10402
1003251,43.37775,-80.97915,192,10518
1003251,43.377616,-80.978964,193,10560
1003251,43.37745,-80.97865,194,10591
1003251,43.37735,-80.97876,195,10605
1003251,43.37735,-80.97885,196,10612
1003251,43.37707,-80.9799,197,10722
1003251,43.37684,-80.98043,198,10772
1003251,43.37671,-80.98057,199,10790
1003251,43.37663,-80.98062,200,10802
1003251,43.37655,-80.98064,201,10811
1003251,43.37637,-80.98062,202,10835
1003251,43.3757,-80.98025,203,10939
1003251,43.37472,-80.97966,204,11058
1003251,43.37378,-80.97969,205,11163
1003251,43.373501,-80.97974,206,11215
1003251,43.37232,-80.97978,207,11346
1003251,43.37148,-80.97981,208,11449
1003251,43.370956,-80.979878,209,11528
1003251,43.37087,-80.97984,210,11545
1003251,43.36991,-80.97985,211,11652
1003251,43.36932,-80.97986,212,11733
1003251,43.36825,-80.9799,213,11852
1003251,43.36725,-80.97999,214,11963
1003251,43.36674,-80.98008,215,12020
1003251,43.36586,-80.97959,216,12129
1003251,43.36562,-80.97944,217,12158
1003251,43.36554,-80.97947,218,12167
1003251,43.3655,-80.97957,219,12176
1003251,43.365741,-80.980051,220,12223
1003357,43.365741,-80.980051,0,0
1003357,43.36572,-80.98034,1,24
1003357,43.36584,-80.98067,2,54
1003357,43.36591,-80.98075,3,64
1003357,43.36599,-80.98077,4,73
1003357,43.36605,-80.98066,5,84
1003357,43.36605,-80.98053,6,95
1003357,43.36553,-80.97928,7,214
1003357,43.36519,-80.97807,8,324
1003357,43.3648,-80.97695,9,425
1003357,43.364724,-80.975385,10,552
1003357,43.36467,-80.97388,11,674
1003357,43.36469,-80.97375,12,687
1003357,43.36475,-80.97366,13,700
1003357,43.36487,-80.97362,14,714
1003357,43.36548,-80.9736,15,782
1003357,43.365469,-80.973472,16,798
1003357,43.36515,-80.97239,17,893
1003357,43.36512,-80.97106,18,1001
1003357,43.365051,-80.970034,19,1098
1003357,43.36508,-80.96845,20,1226
1003357,43.36506,-80.96718,21,1329
1003357,43.36505,-80.96702,22,1342
1003357,43.36507,-80.9669,23,1354
1003357,43.36514,-80.96682,24,1364
1003357,43.36533,-80.96679,25,1385
1003357,43.3654,-80.96674,26,1394
1003357,43.36543,-80.96669,27,1400
1003357,43.36533,-80.966389,28,1439
1003357,43.36541,-80.96608,29,1466
1003357,43.36538,-80.96483,30,1571
1003357,43.36535,-80.96349,31,1680
1003357,43.36533,-80.96332,32,1694
1003357,43.365152,-80.963377,33,1730
1003357,43.36493,-80.96329,34,1756
1003357,43.36396,-80.96332,35,1864
1003357,43.36295,-80.96332,36,1976
1003357,43.3622,-80.963346,37,2072
1003357,43.36115,-80.9633,38,2189
1003357,43.360443,-80.963208,39,2290
1003357,43.36021,-80.96342,40,2321
1003357,43.36017,-80.9637,41,2344
1003357,43.36019,-80.96494,42,2445
1003357,43.36022,-80.96617,43,2550
1003357,43.36031,-80.96681,44,2621
1003357,43.36025,-80.9672,45,2653
1003357,43.36029,-80.96853,46,2765
1003357,43.36035,-80.96881,47,2802
1003357,43.36029,-80.96894,48,2814
1003357,43.36031,-80.96928,49,2842
1003357,43.36028,-80.96938,50,2852
1003357,43.36018,-80.96945,51,2864
1003357,43.35925,-80.9695,52,2967
1003357,43.35828,-80.96953,53,3076
1003357,43.35734,-80.96954,54,3182
1003357,43.35642,-80.96956,55,3285
1003357,43.3563,-80.9696,56,3299
1003357,43.35626,-80.96966,57,3306
1003357,43.35629,-80.97106,58,3420
1003357,43.35626,-80.97117,59,3430
1003357,43.35622,-80.97121,60,3437
1003357,43.355823,-80.971372,61,3497
1003357,43.3547,-80.97125,62,3622
1003357,43.354279,-80.971062,63,3694
1003357,43.35409,-80.97081,64,3723
1003357,43.3537,-80.97057,65,3770
1003357,43.353156,-80.970609,66,3847
1003357,43.3529,-80.9707,67,3876
1003357,43.35294,-80.97203,68,3984
1003357,43.35294,-80.97222,69,4001
1003357,43.35298,-80.97234,70,4012
1003357,43.35302,-80.97239,71,4020
1003357,43.35339,-80.97249,72,4087
1003357,43.35361,-80.97271,73,4117
1003357,43.35452,-80.97321,74,4226
1003357,43.355451,-80.973612,75,4334
1003357,43.35569,-80.97388,76,4368
1003357,43.35666,-80.97442,77,4484
1003357,43.35759,-80.97495,78,4596
1003357,43.357625,-80.974926,79,4603
1003357,43.35791,-80.97512,80,4638
1003357,43.35798,-80.9751,81,4646
1003357,43.35803,-80.97499,82,4657
1003357,43.35797,-80.97374,83,4759
1003357,43.35793,-80.97242,84,4866
1003357,43.35789,-80.97115,85,4969
1003357,43.357848,-80.971139,86,4976
1003357,43.35805,-80.97092,87,5005
1003357,43.35868,-80.97086,88,5093
1003357,43.3594,-80.97086,89,5179
1003357,43.35948,-80.97081,90,5189
1003357,43.35952,-80.97072,91,5198
1003357,43.35948,-80.96959,92,5290
1003357,43.35951,-80.96948,93,5300
1003357,43.35958,-80.96943,94,5309
1003357,43.360171,-80.969298,95,5376
1003357,43.3603,-80.96957,96,5402
1003357,43.36034,-80.97089,97,5514
1003357,43.360317,-80.97134,98,5566
1003357,43.36034,-80.97142,99,5574
1003357,43.36038,-80.97263,100,5677
1003357,43.360399,-80.97369,101,5793
1003357,43.3604,-80.97375,102,5800
1003357,43.36048,-80.97388,103,5814
1003357,43.36149,-80.97376,104,5933
1003357,43.36209,-80.97372,105,6000
1003357,43.36219,-80.97375,106,6011
1003357,43.36224,-80.97382,107,6019
1003357,43.36228,-80.9751,108,6123
1003357,43.36229,-80.97642,109,6230
1003357,43.36233,-80.97748,110,6316
1003357,43.36229,-80.97755,111,6326
1003357,43.36219,-80.97757,112,6338
1003357,43.36125,-80.977,113,6452
1003357,43.36034,-80.9765,114,6561
1003357,43.359472,-80.976159,115,6683
1003357,43.35923,-80.97589,116,6718
1003357,43.35871,-80.9756,117,6780
1003357,43.35863,-80.97564,118,6789
1003357,43.358555,-80.975785,119,6811
1003357,43.35814,-80.9773,120,6942
1003357,43.35797,-80.9779,121,6994
1003357,43.358075,-80.977956,122,7013
1003357,43.35831,-80.97822,123,7047
1003357,43.35916,-80.97868,124,7149
1003357,43.359502,-80.978788,125,7204
1003357,43.35963,-80.97911,126,7234
1003357,43.3596,-80.98029,127,7336
1003357,43.359395,-80.98095,128,7410
1003357,43.35901,-80.98239,129,7534
1003357,43.358805,-80.983386,130,7634
1003357,43.35849,-80.98344,131,7669
1003357,43.35768,-80.98297,132,7769
1003357,43.35666,-80.98245,133,7890
1003357,43.356683,-80.982424,134,7895
1003357,43.35649,-80.98285,135,7936
1003357,43.35623,-80.98403,136,8037
1003357,43.356023,-80.984963,137,8132
1003357,43.35622,-80.98515,138,8159
1003357,43.35714,-80.98563,139,8275
1003357,43.3581,-80.98614,140,8389
1003357,43.358091,-80.986134,141,8391
1003357,43.3589,-80.98661,142,8495
1003357,43.35935,-80.98685,143,8549
1003357,43.35938,-80.98684,144,8554
1003357,43.35925,-80.98717,145,8584
1003357,43.35844,-80.98784,146,8689
1003357,43.35834,-80.98799,147,8714
1003357,43.35752,-80.98863,148,8824
1003357,43.35674,-80.98935,149,8928
1003357,43.35667,-80.98937,150,8940
1003357,43.35587,-80.99004,151,9044
1003357,43.35575,-80.99015,152,9061
1003357,43.35547,-80.98987,153,9100
1003357,43.35529,-80.98867,154,9206
1003357,43.35526,-80.98745,155,9308
1003357,43.355167,-80.986145,156,9414
1003357,43.35518,-80.98464,157,9536
1003357,43.35511,-80.98341,158,9639
1003357,43.35508,-80.98212,159,9744
1003357,43.355019,-80.981444,160,9814
1003357,43.35505,-80.98136,161,9825
1003357,43.35504,-80.98003,162,9943
1003357,43.354934,-80.979135,163,10029
1003357,43.35501,-80.97882,164,10056
1003357,43.355,-80.97754,165,10160
1003357,43.35501,-80.97701,166,10204
1003357,43.35511,-80.9766,167,10262
1003357,43.35534,-80.97653,168,10288
1003357,43.35599,-80.9769,169,10366
1003357,43.35608,-80.9769,170,10376
1003357,43.35613,-80.97686,171,10382
1003357,43.35645,-80.97571,172,10486
1003357,43.356646,-80.974745,173,10581
1003357,43.35691,-80.97455,174,10614
1003357,43.35777,-80.97503,175,10717
1003357,43.35857,-80.97548,176,10820
1003357,43.35944,-80.97596,177,10924
1003357,43.359554,-80.976061,178,10947
1003357,43.36266,-80.97773,179,11330
1003357,43.36574,-80.97945,180,11699
1003357,43.36962,-80.98162,181,12165
1003357,43.37087,-80.9823,182,12314
1003357,43.37129,-80.98228,183,12362
1003357,43.37138,-80.9823,184,12372
1003357,43.37149,-80.9824,185,12387
1003357,43.37152,-80.98411,186,12526
1003357,43.37156,-80.98431,187,12543
1003357,43.37259,-80.9851,188,12679
1003357,43.37282,-80.98543,189,12716
1003357,43.37528,-80.99084,190,13233
1003357,43.37734,-80.99539,191,13667
1003357,43.37741,-80.99544,192,13676
1003357,43.37791,-80.99494,193,13745
1003357,43.37796,-80.99491,194,13751
1003357,43.37805,-80.9949,195,13761
1003357,43.37915,-80.99725,196,13987
1003357,43.37925,-80.99735,197,14001
1003357,43.37932,-80.99733,198,14009
1003357,43.38234,-80.9947,199,14414
1003357,43.38344,-80.99377,200,14558
1003357,43.38355,-80.99371,201,14571
1003357,43.38361,-80.9937,202,14578
1003357,43.38369,-80.99376,203,14588
1003357,43.384131,-80.994681,204,14677
1003357,43.38421,-80.99497,205,14702
1003357,43.38425,-80.99504,206,14710
1003357,43.38436,-80.99515,207,14725
1003357,43.38449,-80.9952,208,14743
1003357,43.38501,-80.99499,209,14803
1003357,43.38514,-80.99498,210,14820
1003357,43.38526,-80.99502,211,14834
1003357,43.38542,-80.99517,212,14856
1003357,43.38546,-80.99523,213,14864
1003357,43.385489,-80.99586,214,14915
1003370,43.359116,-80.997351,0,0
1003370,43.384131,-80.994681,1,2787
1003370,43.38421,-80.99497,2,2812
1003370,43.38425,-80.99504,3,2820
1003370,43.38436,-80.99515,4,2835
1003370,43.38449,-80.9952,5,2853
1003370,43.38501,-80.99499,6,2913
1003370,43.38514,-80.99498,7,2930
1003370,43.38526,-80.99502,8,2944
1003370,43.38542,-80.99517,9,2966
1003370,43.38546,-80.99523,10,2974
1003370,43.385489,-80.99586,11,3025
1003370,43.359116,-80.997351,12,5957
1003374,43.359116,-80.997351,0,0
1003374,43.384131,-80.994681,1,2787
1003374,43.38421,-80.99497,2,2812
1003374,43.38425,-80.99504,3,2820
1003374,43.38436,-80.99515,4,2835
1003374,43.38449,-80.9952,5,2853
1003374,43.38501,-80.99499,6,2913
1003374,43.38514,-80.99498,7,2930
1003374,43.38526,-80.99502,8,2944
1003374,43.38542,-80.99517,9,2966
1003374,43.38546,-80.99523,10,2974
1003374,43.385489,-80.99586,11,3025
1003374,43.38529,-80.99659,12,3106
1003374,43.38545,-80.99725,13,3162
1003374,43.38545,-80.99733,14,3169
1003374,43.38544,-80.99738,15,3175
1003374,43.38317,-80.99925,16,3475
1003374,43.38087,-81.00125,17,3778
1003374,43.38026,-81.00174,18,3857
1003374,43.38017,-81.00169,19,3869
1003374,43.37863,-80.99849,20,4180
1003374,43.37684,-80.99449,21,4573
1003374,43.37403,-80.98833,22,5162
1003374,43.3727,-80.98538,23,5443
1003374,43.37257,-80.98517,24,5467
1003374,43.37159,-80.9845,25,5589
1003374,43.37151,-80.98441,26,5600
1003374,43.37148,-80.98436,27,5606
1003374,43.37143,-80.98278,28,5734
1003374,43.37141,-80.98262,29,5747
1003374,43.37145,-80.98246,30,5761
1003374,43.37133,-80.98231,31,5779
1003374,43.37092,-80.98233,32,5827
1003374,43.369862,-80.98181,33,5952
1003374,43.3691,-80.98137,34,6053
1003374,43.36822,-80.98087,35,6159
1003374,43.36734,-80.9804,36,6264
1003374,43.36647,-80.97992,37,6369
1003374,43.36561,-80.97944,38,6472
1003374,43.365741,-80.980051,39,6524
1003374,43.359116,-80.997351,40,8107
1003379,43.365741,-80.980051,0,0
1003379,43.3658,-80.98061,1,46
1003379,43.36582,-80.98069,2,53
1003379,43.36588,-80.98079,3,63
1003379,43.36599,-80.9808,4,75
1003379,43.36605,-80.98069,5,86
1003379,43.36604,-80.98047,6,104
1003379,43.36576,-80.97967,7,176
1003379,43.36583,-80.9795,8,192
1003379,43.36673,-80.97997,9,299
1003379,43.36769,-80.97992,10,406
1003379,43.368835,-80.979812,11,534
1003379,43.36994,-80.97981,12,657
1003379,43.37083,-80.97976,13,758
1003379,43.3711,-80.97976,14,804
1003379,43.37135,-80.97971,15,832
1003379,43.37132,-80.97859,16,933
1003379,43.37132,-80.97757,17,1026
1003379,43.37126,-80.97579,18,1170
1003379,43.37124,-80.97462,19,1270
1003379,43.37127,-80.973692,20,1371
1003379,43.37121,-80.97218,21,1494
1003379,43.37118,-80.97086,22,1601
1003379,43.371158,-80.970159,23,1690
1003379,43.37116,-80.96894,24,1797
1003379,43.37113,-80.96757,25,1908
1003379,43.371079,-80.966744,26,1975
1003379,43.37109,-80.96554,27,2079
1003379,43.37107,-80.96429,28,2180
1003379,43.371063,-80.963324,29,2258
1003379,43.37103,-80.96173,30,2387
1003379,43.37102,-80.96038,31,2496
1003379,43.37101,-80.96018,32,2512
1003379,43.37106,-80.96008,33,2522
1003379,43.37109,-80.96005,34,2528
1003379,43.3712,-80.96001,35,2541
1003379,43.37137,-80.96002,36,2569
1003379,43.37227,-80.95998,37,2679
1003379,43.37254,-80.96,38,2709
1003379,43.3726,-80.95992,39,2718
1003379,43.37258,-80.95874,40,2819
1003379,43.37258,-80.95837,41,2867
1003379,43.37261,-80.95681,42,2993
1003379,43.372546,-80.956544,43,3027
1003379,43.37266,-80.95494,44,3158
1003379,43.372774,-80.953879,45,3258
1003379,43.37291,-80.95212,46,3401
1003379,43.372875,-80.951609,47,3469
1003379,43.37288,-80.95012,48,3590
1003379,43.37287,-80.94935,49,3652
1003379,43.37302,-80.94904,50,3682
1003379,43.37398,-80.94905,51,3790
1003379,43.374761,-80.948962,52,3893
1003379,43.37492,-80.94935,53,3929
1003379,43.37487,-80.95069,54,4040
1003379,43.374906,-80.951003,55,4082
1003379,43.37481,-80.9526,56,4212
1003379,43.37479,-80.95376,57,4313
1003379,43.3748,-80.95393,58,4334
1003379,43.37472,-80.95538,59,4452
1003379,43.37473,-80.95687,60,4573
1003379,43.37477,-80.95694,61,4584
1003379,43.37475,-80.9584,62,4702
1003379,43.374836,-80.959383,63,4808
1003379,43.37478,-80.95979,64,4842
1003379,43.37479,-80.96124,65,4960
1003379,43.374774,-80.961167,66,4969
1003379,43.37482,-80.96229,67,5073
1003379,43.37491,-80.962895,68,5150
1003379,43.37511,-80.96313,69,5179
1003379,43.37608,-80.96312,70,5288
1003379,43.37712,-80.96313,71,5404
1003379,43.37805,-80.96311,72,5510
1003379,43.37878,-80.963048,73,5605
1003379,43.3798,-80.96311,74,5718
1003379,43.38041,-80.96308,75,5807
1003379,43.3815,-80.96311,76,5928
1003379,43.3824,-80.96311,77,6036
1003379,43.382427,-80.963022,78,6048
1003379,43.38265,-80.96309,79,6073
1003379,43.38359,-80.96308,80,6179
1003379,43.38417,-80.9631,81,6253
1003379,43.3854,-80.9631,82,6390
1003379,43.3864,-80.9631,83,6502
1003379,43.38734,-80.9631,84,6610
1003379,43.38834,-80.96309,85,6721
1003379,43.38848,-80.96306,86,6745
1003379,43.38914,-80.96306,87,6818
1003379,43.38922,-80.96304,88,6827
1003379,43.38925,-80.96301,89,6833
1003379,43.38928,-80.96294,90,6841
1003379,43.38925,-80.96165,91,6946
1003379,43.38924,-80.96037,92,7050
1003379,43.389172,-80.960459,93,7066
1003379,43.38924,-80.96007,94,7098
1003379,43.38922,-80.95872,95,7207
1003379,43.38919,-80.95857,96,7220
1003379,43.38917,-80.95852,97,7226
1003379,43.38907,-80.95846,98,7238
1003379,43.3881,-80.9585,99,7350
1003379,43.387935,-80.958566,100,7376
1003379,43.38684,-80.9585,101,7498
1003379,43.38593,-80.95851,102,7601
1003379,43.3849,-80.9585,103,7715
1003379,43.384589,-80.958617,104,7777
1003379,43.38441,-80.95886,105,7805
1003379,43.38438,-80.95949,106,7856
1003379,43.3837,-80.96112,107,8014
1003379,43.38357,-80.96163,108,8058
1003379,43.38355,-80.96261,109,8156
1003379,43.38353,-80.9642,110,8285
1003379,43.38354,-80.96542,111,8388
1003379,43.38365,-80.96671,112,8494
1003379,43.38369,-80.967301,113,8575
1003379,43.38389,-80.9688,114,8698
1003379,43.38398,-80.97008,115,8802
1003379,43.38406,-80.97151,116,8922
1003379,43.38413,-80.97189,117,8954
1003379,43.38413,-80.97196,118,8962
1003379,43.38411,-80.97204,119,8969
1003379,43.38307,-80.97296,120,9109
1003379,43.38271,-80.973306,121,9176
1003379,43.38175,-80.97409,122,9300
1003379,43.38109,-80.97466,123,9387
1003379,43.38102,-80.97469,124,9395
1003379,43.38094,-80.97464,125,9405
1003379,43.38081,-80.97434,126,9435
1003379,43.38073,-80.97304,127,9541
1003379,43.380711,-80.972522,128,9608
1003379,43.38071,-80.9708,129,9748
1003379,43.38073,-80.96966,130,9850
1003379,43.38074,-80.96829,131,9961
1003379,43.380725,-80.968239,132,9968
1003379,43.38077,-80.96702,133,10067
1003379,43.38091,-80.96646,134,10115
1003379,43.38088,-80.96632,135,10128
1003379,43.38057,-80.96596,136,10190
1003379,43.37948,-80.96631,137,10314
1003379,43.37895,-80.96635,138,10373
1003379,43.37886,-80.96633,139,10383
1003379,43.37882,-80.96625,140,10391
1003379,43.37879,-80.96478,141,10518
1003379,43.378705,-80.96409,142,10587
1003379,43.37876,-80.96375,143,10615
1003379,43.37875,-80.96324,144,10656
1003379,43.3787,-80.96316,145,10665
1003379,43.37865,-80.96313,146,10671
1003379,43.37775,-80.96316,147,10772
1003379,43.377483,-80.963246,148,10818
1003379,43.37721,-80.96317,149,10849
1003379,43.3763,-80.96317,150,10953
1003379,43.375547,-80.963287,151,11056
1003379,43.37532,-80.96318,152,11083
1003379,43.37431,-80.96318,153,11195
1003379,43.37337,-80.96317,154,11303
1003379,43.373038,-80.963206,155,11363
1003379,43.372,-80.96318,156,11478
1003379,43.371587,-80.963231,157,11542
1003379,43.37151,-80.96321,158,11551
1003379,43.37046,-80.96323,159,11673
1003379,43.3695,-80.96325,160,11780
1003379,43.36942,-80.96329,161,11789
1003379,43.36939,-80.9634,162,11799
1003379,43.369478,-80.964152,163,11891
1003379,43.36946,-80.9658,164,12025
1003379,43.36953,-80.96687,165,12137
1003379,43.36949,-80.96706,166,12165
1003379,43.36952,-80.96835,167,12270
1003379,43.36954,-80.96971,168,12380
1003379,43.36958,-80.97027,169,12426
1003379,43.36959,-80.97143,170,12530
1003379,43.36962,-80.97274,171,12636
1003379,43.36965,-80.97366,172,12713
1003379,43.36965,-80.97527,173,12843
1003379,43.36969,-80.97663,174,12953
1003379,43.36972,-80.97697,175,12995
1003379,43.36971,-80.97851,176,13120
1003379,43.36978,-80.97936,177,13211
1003379,43.3698,-80.98136,178,13373
1003379,43.36982,-80.98162,179,13394
1003379,43.36986,-80.98176,180,13414
1003379,43.36991,-80.98181,181,13423
1003379,43.37092,-80.9823,182,13542
1003379,43.37138,-80.98233,183,13594
1003379,43.37142,-80.98235,184,13601
1003379,43.37149,-80.98246,185,13613
1003379,43.37152,-80.9838,186,13723
1003379,43.37157,-80.98433,187,13766
1003379,43.37253,-80.98509,188,13889
1003379,43.3728,-80.98545,189,13937
1003379,43.37407,-80.9882,190,14203
1003379,43.37581,-80.992,191,14567
1003379,43.37732,-80.99535,192,14886
1003379,43.37735,-80.9954,193,14892
1003379,43.3774,-80.99542,194,14898
1003379,43.37796,-80.99494,195,14971
1003379,43.37806,-80.99493,196,14984
1003379,43.37815,-80.99504,197,14997
1003379,43.37919,-80.9973,198,15214
1003379,43.37927,-80.99732,199,15224
1003379,43.38157,-80.99538,200,15524
1003379,43.38353,-80.99371,201,15780
1003379,43.38358,-80.99369,202,15786
1003379,43.38367,-80.99373,203,15798
1003379,43.384131,-80.994681,204,15893
1003379,43.38421,-80.99497,205,15918
1003379,43.38425,-80.99504,206,15926
1003379,43.38436,-80.99515,207,15941
1003379,43.38449,-80.9952,208,15959
1003379,43.38501,-80.99499,209,16019
1003379,43.38514,-80.99498,210,16036
1003379,43.38526,-80.99502,211,16050
1003379,43.38542,-80.99517,212,16072
1003379,43.38546,-80.99523,213,16080
1003379,43.385489,-80.99586,214,16131
1004091,43.365741,-80.980051,0,0
1004091,43.36571,-80.98025,1,29
1004091,43.36586,-80.98071,2,70
1004091,43.36593,-80.98078,3,80
1004091,43.36601,-80.98074,4,89
1004091,43.36605,-80.98063,5,99
1004091,43.36604,-80.9805,6,111
1004091,43.36577,-80.97959,7,191
1004091,43.36571,-80.97949,8,202
1004091,43.36566,-80.97944,9,211
1004091,43.36483,-80.979,10,311
1004091,43.36451,-80.97883,11,349
1004091,43.36447,-80.97883,12,355
1004091,43.36439,-80.97892,13,367
1004091,43.36436,-80.97899,14,375
1004091,43.36434,-80.97918,15,391
1004091,43.36435,-80.97928,16,402
1004091,43.36486,-80.9804,17,510
1004091,43.36537,-80.98152,18,617
1004091,43.36574,-80.98228,19,717
1004091,43.36628,-80.98351,20,833
1004091,43.36683,-80.9847,21,947
1004091,43.36703,-80.98505,22,998
1004091,43.36683,-80.98535,23,1031
1004091,43.36607,-80.98598,24,1132
1004091,43.36529,-80.98668,25,1250
1004091,43.36448,-80.98736,26,1357
1004091,43.3639,-80.98788,27,1452
1004091,43.36366,-80.98807,28,1483
1004091,43.36363,-80.98813,29,1491
1004091,43.36362,-80.98819,30,1497
1004091,43.3638,-80.98924,31,1584
1004091,43.36422,-80.99023,32,1677
1004091,43.36421,-80.99035,33,1689
1004091,43.36414,-80.99047,34,1701
1004091,43.36383,-80.99076,35,1762
1004091,43.3631,-80.99135,36,1870
1004091,43.3623,-80.99203,37,1975
1004091,43.36138,-80.99286,38,2097
1004091,43.36133,-80.99293,39,2107
1004091,43.36124,-80.9938,40,2178
1004091,43.36082,-80.99517,41,2298
1004091,43.36051,-80.99626,42,2410
1004091,43.35983,-80.99751,43,2536
1004091,43.35927,-80.99861,44,2647
1004091,43.35864,-80.9996,45,2753
1004091,43.358293,-81.000144,46,2833
1004091,43.35803,-81.00054,47,2876
1004091,43.358,-81.00066,48,2887
1004091,43.35804,-81.00081,49,2900
1004091,43.35857,-81.00195,50,3015
1004091,43.3591,-81.00315,51,3129
1004091,43.3596,-81.00427,52,3235
1004091,43.359915,-81.004803,53,3310
1004091,43.36048,-81.00622,54,3441
1004091,43.36063,-81.00659,55,3478
1004091,43.36062,-81.00668,56,3488
1004091,43.36055,-81.00678,57,3499
1004091,43.35977,-81.00741,58,3603
1004091,43.359623,-81.007523,59,3629
1004091,43.35882,-81.00821,60,3734
1004091,43.35796,-81.00897,61,3848
1004091,43.35717,-81.00965,62,3952
1004091,43.356955,-81.009803,63,3979
1004091,43.35619,-81.0105,64,4088
1004091,43.35532,-81.01123,65,4201
1004091,43.35445,-81.01197,66,4315
1004091,43.354066,-81.012286,67,4365
1004091,43.35307,-81.01304,68,4491
1004091,43.35286,-81.01342,69,4530
1004091,43.35282,-81.01347,70,4537
1004091,43.35201,-81.01402,71,4640
1004091,43.35122,-81.01453,72,4741
1004091,43.35089,-81.01473,73,4781
1004091,43.35005,-81.01554,74,4895
1004091,43.34998,-81.0158,75,4930
1004091,43.34971,-81.01587,76,4961
1004091,43.34891,-81.0166,77,5071
1004091,43.34865,-81.0169,78,5125
1004091,43.34774,-81.01762,79,5242
1004091,43.34684,-81.01844,80,5362
1004091,43.346231,-81.019132,81,5467
1004091,43.34589,-81.0197,82,5527
1004091,43.34587,-81.01986,83,5540
1004091,43.34589,-81.01995,84,5548
1004091,43.34626,-81.020618,85,5641
1004091,43.3463,-81.02099,86,5671
1004091,43.34623,-81.02113,87,5685
1004091,43.3458,-81.02146,88,5740
1004091,43.34574,-81.02146,89,5750
1004091,43.34566,-81.02139,90,5763
1004091,43.34513,-81.02021,91,5876
1004091,43.34459,-81.01902,92,5994
1004091,43.34406,-81.01786,93,6107
1004091,43.34349,-81.01661,94,6227
1004091,43.34302,-81.01554,95,6336
1004091,43.34247,-81.01431,96,6453
1004091,43.34215,-81.0136,97,6521
1004091,43.34215,-81.01342,98,6536
1004091,43.34223,-81.01329,99,6550
1004091,43.34314,-81.01252,100,6673
1004091,43.34359,-81.01212,101,6762
1004091,43.34449,-81.01139,102,6878
1004091,43.34482,-81.01103,103,6925
1004091,43.34512,-81.01087,104,6961
1004091,43.34589,-81.01022,105,7061
1004091,43.34668,-81.00956,106,7164
1004091,43.346837,-81.009364,107,7204
1004091,43.34779,-81.0086,108,7327
1004091,43.34855,-81.00797,109,7435
1004091,43.34943,-81.00724,110,7549
1004091,43.349623,-81.007053,111,7588
1004091,43.34974,-81.00668,112,7621
1004091,43.34923,-81.00564,113,7724
1004091,43.34874,-81.00454,114,7828
1004091,43.348239,-81.003709,115,7930
1004091,43.34796,-81.00285,116,8006
1004091,43.34795,-81.00278,117,8013
1004091,43.34799,-81.00264,118,8025
1004091,43.34803,-81.00258,119,8035
1004091,43.34882,-81.00189,120,8142
1004091,43.34961,-81.00123,121,8260
1004091,43.35066,-81.00037,122,8396
1004091,43.351168,-80.999832,123,8476
1004091,43.3522,-80.99905,124,8607
1004091,43.35296,-80.99843,125,8709
1004091,43.35303,-80.99835,126,8719
1004091,43.35304,-80.99823,127,8729
1004091,43.35299,-80.99809,128,8742
1004091,43.35282,-80.9979,129,8785
1004091,43.3524,-80.9969,130,8879
1004091,43.35242,-80.99676,131,8891
1004091,43.35248,-80.99666,132,8901
1004091,43.35273,-80.9965,133,8953
1004091,43.3532,-80.99635,134,9007
1004091,43.35348,-80.996066,135,9060
1004091,43.35355,-80.99606,136,9068
1004091,43.35425,-80.99511,137,9183
1004091,43.35505,-80.99435,138,9291
1004091,43.35506,-80.99426,139,9298
1004091,43.35481,-80.99376,140,9370
1004091,43.35422,-80.99244,141,9496
1004091,43.35369,-80.9913,142,9606
1004091,43.353647,-80.991197,143,9620
1004091,43.35333,-80.99012,144,9714
1004091,43.35324,-80.98993,145,9732
1004091,43.35319,-80.9899,146,9739
1004091,43.35216,-80.98999,147,9855
1004091,43.3519,-80.99001,148,9884
1004091,43.35175,-80.990122,149,9907
1004091,43.35175,-80.98874,150,10019
1004091,43.35172,-80.9874,151,10128
1004091,43.35171,-80.98664,152,10222
1004091,43.35167,-80.98484,153,10368
1004091,43.35163,-80.98363,154,10474
1004091,43.351676,-80.982811,155,10551
1004091,43.35161,-80.98247,156,10580
1004091,43.35159,-80.98107,157,10694
1004091,43.35157,-80.97964,158,10813
1004091,43.35153,-80.97827,159,10926
1004091,43.35152,-80.97725,160,11009
1004091,43.35155,-80.97717,161,11017
1004091,43.35159,-80.9771,162,11025
1004091,43.35166,-80.97708,163,11033
1004091,43.3518,-80.97711,164,11049
1004091,43.352111,-80.977302,165,11110
1004091,43.35274,-80.97764,166,11185
1004091,43.35287,-80.97765,167,11199
1004091,43.35295,-80.9776,168,11212
1004091,43.353,-80.97747,169,11224
1004091,43.35298,-80.97622,170,11326
1004091,43.35297,-80.97547,171,11387
1004091,43.35301,-80.97535,172,11398
1004091,43.35306,-80.97532,173,11404
1004091,43.35389,-80.97577,174,11505
1004091,43.354342,-80.975946,175,11578
1004091,43.35539,-80.97657,176,11705
1004091,43.35628,-80.97708,177,11812
1004091,43.35716,-80.97756,178,11917
1004091,43.357856,-80.977818,179,12018
1004091,43.35806,-80.97807,180,12049
1004091,43.35888,-80.97854,181,12151
1004091,43.359441,-80.978771,182,12229
1004091,43.36047,-80.97942,183,12355
1004091,43.36139,-80.97992,184,12468
1004091,43.361374,-80.979857,185,12476
1004091,43.3624,-80.98049,186,12601
1004091,43.3625,-80.98054,187,12613
1004091,43.36257,-80.98051,188,12625
1004091,43.36261,-80.98013,189,12656
1004091,43.36249,-80.97905,190,12758
1004091,43.36233,-80.97785,191,12857
1004091,43.36234,-80.9777,192,12869
1004091,43.36239,-80.97765,193,12876
1004091,43.36244,-80.97764,194,12883
1004091,43.36264,-80.9777,195,12917
1004091,43.36272,-80.97778,196,12928
1004091,43.36356,-80.97825,197,13031
1004091,43.36447,-80.97878,198,13141
1004091,43.36535,-80.97926,199,13246
1004091,43.36545,-80.9793,200,13258
1004091,43.36549,-80.97934,201,13265
1004091,43.36552,-80.97939,202,13272
1004091,43.365741,-80.980051,203,13331
1004159,43.365741,-80.980051,0,0
1004159,43.36572,-80.98034,1,24
1004159,43.36584,-80.98067,2,54
1004159,43.36591,-80.98075,3,64
1004159,43.36599,-80.98077,4,73
1004159,43.36605,-80.98066,5,84
1004159,43.36605,-80.98053,6,95
1004159,43.36553,-80.97928,7,214
1004159,43.36519,-80.97807,8,324
1004159,43.3648,-80.97695,9,425
1004159,43.364724,-80.975385,10,552
1004159,43.36467,-80.97388,11,674
1004159,43.36469,-80.97375,12,687
1004159,43.36475,-80.97366,13,700
1004159,43.36487,-80.97362,14,714
1004159,43.36548,-80.9736,15,782
1004159,43.365469,-80.973472,16,798
1004159,43.36515,-80.97239,17,893
1004159,43.36512,-80.97106,18,1001
1004159,43.365051,-80.970034,19,1098
1004159,43.36508,-80.96845,20,1226
1004159,43.36506,-80.96718,21,1329
1004159,43.36505,-80.96702,22,1342
1004159,43.36507,-80.9669,23,1354
1004159,43.36514,-80.96682,24,1364
1004159,43.36533,-80.96679,25,1385
1004159,43.3654,-80.96674,26,1394
1004159,43.36543,-80.96669,27,1400
1004159,43.36533,-80.966389,28,1439
1004159,43.36541,-80.96608,29,1466
1004159,43.36538,-80.96483,30,1571
1004159,43.36535,-80.96349,31,1680
1004159,43.36533,-80.96332,32,1694
1004159,43.365152,-80.963377,33,1730
1004159,43.36493,-80.96329,34,1756
1004159,43.36396,-80.96332,35,1864
1004159,43.36295,-80.96332,36,1976
1004159,43.3622,-80.963346,37,2072
1004159,43.36115,-80.9633,38,2189
1004159,43.360443,-80.963208,39,2290
1004159,43.36021,-80.96342,40,2321
1004159,43.36017,-80.9637,41,2344
1004159,43.36019,-80.96494,42,2445
1004159,43.36022,-80.96617,43,2550
1004159,43.36031,-80.96681,44,2621
1004159,43.36025,-80.9672,45,2653
1004159,43.36029,-80.96853,46,2765
1004159,43.36035,-80.96881,47,2802
1004159,43.3603,-80.96895,48,2815
1004159,43.3603,-80.96915,49,2833
1004159,43.36028,-80.9693,50,2845
1004159,43.36026,-80.96936,51,2851
1004159,43.36022,-80.96942,52,2858
1004159,43.3601,-80.96946,53,2872
1004159,43.3591,-80.96948,54,2983
1004159,43.35871,-80.969483,55,3026
1004159,43.35736,-80.96954,56,3176
1004159,43.35641,-80.96958,57,3282
1004159,43.3563,-80.96961,58,3294
1004159,43.35622,-80.96973,59,3309
1004159,43.35628,-80.97101,60,3413
1004159,43.35627,-80.97109,61,3420
1004159,43.35619,-80.9712,62,3433
1004159,43.355823,-80.971372,63,3489
1004159,43.3547,-80.97125,64,3614
1004159,43.354279,-80.971062,65,3686
1004159,43.35409,-80.97081,66,3715
1004159,43.3537,-80.97057,67,3762
1004159,43.353156,-80.970609,68,3839
1004159,43.3529,-80.9707,69,3868
1004159,43.35294,-80.97203,70,3976
1004159,43.35294,-80.97222,71,3993
1004159,43.35298,-80.97234,72,4004
1004159,43.35302,-80.97239,73,4012
1004159,43.35339,-80.97249,74,4079
1004159,43.35361,-80.97271,75,4109
1004159,43.35452,-80.97321,76,4218
1004159,43.355451,-80.973612,77,4326
1004159,43.35569,-80.97388,78,4360
1004159,43.35666,-80.97442,79,4476
1004159,43.35759,-80.97495,80,4588
1004159,43.357625,-80.974926,81,4595
1004159,43.35791,-80.97512,82,4630
1004159,43.35798,-80.9751,83,4638
1004159,43.35803,-80.97499,84,4649
1004159,43.35797,-80.97374,85,4751
1004159,43.35793,-80.97242,86,4858
1004159,43.35789,-80.97115,87,4961
1004159,43.357848,-80.971139,88,4968
1004159,43.35805,-80.97092,89,4997
1004159,43.35868,-80.97086,90,5085
1004159,43.3594,-80.97086,91,5171
1004159,43.35948,-80.97081,92,5181
1004159,43.35952,-80.97072,93,5190
1004159,43.35948,-80.96959,94,5282
1004159,43.35951,-80.96948,95,5292
1004159,43.35958,-80.96943,96,5301
1004159,43.360171,-80.969298,97,5368
1004159,43.3603,-80.96957,98,5394
1004159,43.36034,-80.97089,99,5506
1004159,43.360317,-80.97134,100,5558
1004159,43.36034,-80.97142,101,5566
1004159,43.36038,-80.97263,102,5669
1004159,43.360399,-80.97369,103,5785
1004159,43.3607,-80.97382,104,5820
1004159,43.36158,-80.97377,105,5920
1004159,43.361967,-80.973703,106,5983
1004159,43.36311,-80.9737,107,6110
1004159,43.36317,-80.97373,108,6119
1004159,43.36322,-80.97377,109,6127
1004159,43.36363,-80.97501,110,6237
1004159,43.36391,-80.97599,111,6326
1004159,43.36399,-80.97666,112,6397
1004159,43.36394,-80.97702,113,6427
1004159,43.36395,-80.97709,114,6435
1004159,43.36396,-80.97833,115,6536
1004159,43.36388,-80.97842,116,6547
1004159,43.36382,-80.97846,117,6558
1004159,43.36298,-80.97797,118,6659
1004159,43.36205,-80.97745,119,6771
1004159,43.361946,-80.977419,120,6789
1004159,43.36093,-80.97684,121,6911
1004159,43.36002,-80.97635,122,7020
1004159,43.359472,-80.976159,123,7097
1004159,43.35923,-80.97589,124,7132
1004159,43.35871,-80.9756,125,7194
1004159,43.35863,-80.97564,126,7203
1004159,43.358555,-80.975785,127,7225
1004159,43.35814,-80.9773,128,7356
1004159,43.35797,-80.9779,129,7408
1004159,43.358075,-80.977956,130,7427
1004159,43.35831,-80.97822,131,7461
1004159,43.35916,-80.97868,132,7563
1004159,43.359502,-80.978788,133,7618
1004159,43.35963,-80.97911,134,7648
1004159,43.3596,-80.98029,135,7750
1004159,43.359395,-80.98095,136,7824
1004159,43.35901,-80.98239,137,7948
1004159,43.358805,-80.983386,138,8048
1004159,43.35849,-80.98344,139,8083
1004159,43.35768,-80.98297,140,8183
1004159,43.35666,-80.98245,141,8304
1004159,43.356683,-80.982424,142,8309
1004159,43.35649,-80.98285,143,8350
1004159,43.35623,-80.98403,144,8451
1004159,43.356023,-80.984963,145,8546
1004159,43.35622,-80.98515,146,8573
1004159,43.35714,-80.98563,147,8689
1004159,43.3581,-80.98614,148,8803
1004159,43.358091,-80.986134,149,8805
1004159,43.3589,-80.98661,150,8909
1004159,43.35935,-80.98685,151,8963
1004159,43.35938,-80.98684,152,8968
1004159,43.35925,-80.98717,153,8998
1004159,43.35844,-80.98784,154,9103
1004159,43.35834,-80.98799,155,9128
1004159,43.35752,-80.98863,156,9238
1004159,43.35674,-80.98935,157,9342
1004159,43.35667,-80.98937,158,9354
1004159,43.35587,-80.99004,159,9458
1004159,43.35575,-80.99015,160,9475
1004159,43.35547,-80.98987,161,9514
1004159,43.35529,-80.98867,162,9620
1004159,43.35526,-80.98745,163,9722
1004159,43.355167,-80.986145,164,9828
1004159,43.35518,-80.98464,165,9950
1004159,43.35511,-80.98341,166,10053
1004159,43.35508,-80.98212,167,10158
1004159,43.355019,-80.981444,168,10228
1004159,43.35505,-80.98136,169,10239
1004159,43.35504,-80.98003,170,10357
1004159,43.354934,-80.979135,171,10443
1004159,43.35501,-80.97882,172,10470
1004159,43.355,-80.97754,173,10574
1004159,43.35501,-80.97701,174,10618
1004159,43.35511,-80.9766,175,10676
1004159,43.35534,-80.97653,176,10702
1004159,43.35599,-80.9769,177,10780
1004159,43.35608,-80.9769,178,10790
1004159,43.35613,-80.97686,179,10796
1004159,43.35645,-80.97571,180,10900
1004159,43.356646,-80.974745,181,10995
1004159,43.35692,-80.97457,182,11029
1004159,43.357625,-80.974926,183,11135
1004159,43.35867,-80.97554,184,11261
1004159,43.359554,-80.976061,185,11368
1004159,43.36065,-80.97662,186,11498
1004159,43.36154,-80.97712,187,11606
1004159,43.36241,-80.97761,188,11711
1004159,43.36264,-80.9777,189,11763
1004159,43.36272,-80.97778,190,11774
1004159,43.36356,-80.97825,191,11877
1004159,43.36447,-80.97878,192,11987
1004159,43.36535,-80.97926,193,12092
1004159,43.36545,-80.9793,194,12104
1004159,43.36549,-80.97934,195,12111
1004159,43.36552,-80.97939,196,12118
1004159,43.365741,-80.980051,197,12177
1004302,43.365741,-80.980051,0,0
1004302,43.36578,-80.97964,1,34
1004302,43.36588,-80.97952,2,49
1004302,43.36689,-80.98009,3,174
1004302,43.36775,-80.98059,4,281
1004302,43.36871,-80.98112,5,396
1004302,43.36962,-80.98162,6,505
1004302,43.37046,-80.98204,7,604
1004302,43.37049,-80.98212,8,615
1004302,43.37144,-80.98234,9,722
1004302,43.37148,-80.98237,10,728
1004302,43.3715,-80.98242,11,734
1004302,43.37152,-80.98375,12,843
1004302,43.37154,-80.98422,13,881
1004302,43.37254,-80.98509,14,1019
1004302,43.37316,-80.98629,15,1139
1004302,43.373517,-80.98688,16,1201
1004302,43.37358,-80.98718,17,1226
1004302,43.373963,-80.988236,18,1331
1004302,43.37423,-80.98857,19,1371
1004302,43.37474,-80.98971,20,1479
1004302,43.375205,-80.990561,21,1570
1004302,43.37532,-80.99096,22,1605
1004302,43.37586,-80.99213,23,1717
1004302,43.37634,-80.99319,24,1821
1004302,43.376497,-80.993507,25,1865
1004302,43.37711,-80.9949,26,1997
1004302,43.37733,-80.99537,27,2042
1004302,43.37737,-80.9954,28,2048
1004302,43.37747,-80.99537,29,2059
1004302,43.37784,-80.994927,30,2135
1004302,43.37804,-80.99495,31,2157
1004302,43.37809,-80.99498,32,2163
1004302,43.3782,-80.99514,33,2183
1004302,43.37867,-80.99624,34,2286
1004302,43.37909,-80.997274,35,2383
1004302,43.37926,-80.99736,36,2404
1004302,43.37931,-80.99735,37,2411
1004302,43.3801,-80.99663,38,2520
1004302,43.380433,-80.996398,39,2580
1004302,43.38135,-80.99556,40,2702
1004302,43.381595,-80.995216,41,2766
1004302,43.38186,-80.99515,42,2796
1004302,43.38269,-80.99445,43,2904
1004302,43.3835,-80.99377,44,3010
1004302,43.38355,-80.99375,45,3016
1004302,43.38359,-80.99376,46,3023
1004302,43.38368,-80.99384,47,3035
1004302,43.384131,-80.994681,48,3127
1004302,43.38421,-80.99497,49,3152
1004302,43.38425,-80.99504,50,3160
1004302,43.38436,-80.99515,51,3175
1004302,43.38449,-80.9952,52,3193
1004302,43.38501,-80.99499,53,3253
1004302,43.38514,-80.99498,54,3270
1004302,43.38526,-80.99502,55,3284
1004302,43.38542,-80.99517,56,3306
1004302,43.38546,-80.99523,57,3314
1004302,43.385489,-80.99586,58,3365
1004302,43.3853,-80.99657,59,3426
1004302,43.38529,-80.99669,60,3436
1004302,43.38539,-80.997211,61,3501
1004302,43.38603,-80.99857,62,3632
1004302,43.38651,-80.99943,63,3733
1004302,43.38642,-80.99982,64,3766
1004302,43.38565,-81.00043,65,3870
1004302,43.384992,-81.001053,66,3984
1004302,43.38478,-81.00115,67,4009
1004302,43.38388,-81.00189,68,4126
1004302,43.38313,-81.00251,69,4229
1004302,43.3823,-81.00321,70,4337
1004302,43.38199,-81.003581,71,4383
1004302,43.38116,-81.00417,72,4488
1004302,43.38034,-81.00484,73,4594
1004302,43.37957,-81.00553,74,4699
1004302,43.37899,-81.00612,75,4779
1004302,43.3789,-81.00615,76,4795
1004302,43.37815,-81.00673,77,4897
1004302,43.37732,-81.00744,78,5006
1004302,43.37653,-81.00813,79,5110
1004302,43.37635,-81.00834,80,5136
1004302,43.37535,-81.00913,81,5264
1004302,43.3745,-81.00985,82,5375
1004302,43.37394,-81.01032,83,5465
1004302,43.3729,-81.01121,84,5601
1004302,43.37209,-81.01191,85,5716
1004302,43.37129,-81.01259,86,5821
1004302,43.37046,-81.01329,87,5929
1004302,43.37021,-81.01351,88,5962
1004302,43.37012,-81.01347,89,5973
1004302,43.37008,-81.01342,90,5980
1004302,43.369846,-81.012881,91,6050
1004302,43.36938,-81.01187,92,6147
1004302,43.36934,-81.01181,93,6154
1004302,43.36921,-81.01169,94,6171
1004302,43.36917,-81.01158,95,6183
1004302,43.36919,-81.01143,96,6195
1004302,43.36957,-81.01032,97,6295
1004302,43.370042,-81.009457,98,6410
1004302,43.37074,-81.00858,99,6515
1004302,43.37078,-81.00855,100,6521
1004302,43.37088,-81.00857,101,6532
1004302,43.37093,-81.00863,102,6541
1004302,43.37147,-81.00977,103,6651
1004302,43.37198,-81.01086,104,6760
1004302,43.372352,-81.011128,105,6807
1004302,43.37221,-81.01139,106,6833
1004302,43.37227,-81.01149,107,6843
1004302,43.37233,-81.01164,108,6857
1004302,43.37243,-81.01163,109,6868
1004302,43.37318,-81.01095,110,6969
1004302,43.37395,-81.01027,111,7075
1004302,43.37475,-81.0096,112,7179
1004302,43.37556,-81.00892,113,7285
1004302,43.37646,-81.00815,114,7403
1004302,43.37726,-81.00747,115,7508
1004302,43.37807,-81.00676,116,7615
1004302,43.3789,-81.00605,117,7724
1004302,43.37935,-81.00563,118,7784
1004302,43.3799,-81.00518,119,7888
1004302,43.38068,-81.00445,120,7993
1004302,43.38104,-81.00412,121,8041
1004302,43.38107,-81.00403,122,8049
1004302,43.38107,-81.00396,123,8055
1004302,43.38064,-81.0029,124,8155
1004302,43.38022,-81.00211,125,8234
1004302,43.38002,-81.00186,126,8264
1004302,43.37942,-81.00245,127,8370
1004302,43.37847,-81.00324,128,8493
1004302,43.37841,-81.00329,129,8501
1004302,43.37835,-81.00331,130,8512
1004302,43.37824,-81.00328,131,8524
1004302,43.377793,-81.002384,132,8634
1004302,43.37753,-81.00166,133,8700
1004302,43.37759,-81.00073,134,8776
1004302,43.37754,-81.00049,135,8796
1004302,43.37706,-80.99947,136,8896
1004302,43.377003,-80.999473,137,8905
1004302,43.37698,-80.99933,138,8917
1004302,43.37691,-80.99932,139,8926
1004302,43.37611,-81.00005,140,9033
1004302,43.376,-81.00015,141,9048
1004302,43.37589,-81.00018,142,9062
1004302,43.37584,-81.00016,143,9070
1004302,43.375632,-80.999973,144,9098
1004302,43.3756,-80.99975,145,9116
1004302,43.375129,-80.998976,146,9205
1004302,43.37476,-80.99784,147,9306
1004302,43.37474,-80.99773,148,9315
1004302,43.37479,-80.99763,149,9325
1004302,43.375069,-80.997262,150,9400
1004302,43.3753,-80.99716,151,9427
1004302,43.37608,-80.99651,152,9529
1004302,43.37693,-80.99583,153,9638
1004302,43.377,-80.99579,154,9647
1004302,43.37723,-80.995457,155,9705
1004302,43.37716,-80.99513,156,9733
1004302,43.37664,-80.99399,157,9843
1004302,43.376383,-80.99361,158,9898
1004302,43.37631,-80.9933,159,9924
1004302,43.37579,-80.99214,160,10034
1004302,43.375552,-80.99172,161,10106
1004302,43.37499,-80.99038,162,10231
1004302,43.37448,-80.98928,163,10337
1004302,43.374059,-80.988516,164,10428
1004302,43.37398,-80.98817,165,10457
1004302,43.37346,-80.98706,166,10565
1004302,43.373306,-80.986707,167,10610
1004302,43.37274,-80.98543,168,10731
1004302,43.37258,-80.98517,169,10762
1004302,43.371984,-80.984784,170,10855
1004302,43.37197,-80.98469,171,10864
1004302,43.37157,-80.98444,172,10916
1004302,43.3715,-80.98426,173,10933
1004302,43.37147,-80.98301,174,11036
1004302,43.37142,-80.98234,175,11091
1004302,43.37095,-80.98234,176,11143
1004302,43.37007,-80.98189,177,11249
1004302,43.369862,-80.98181,178,11273
1004302,43.36818,-80.98084,179,11477
1004302,43.367071,-80.98032,180,11607
1004302,43.36685,-80.98011,181,11637
1004302,43.36598,-80.97962,182,11742
1004302,43.365741,-80.980051,183,11814
1004303,43.365741,-80.980051,0,0
1004303,43.36576,-80.98031,1,21
1004303,43.36592,-80.98075,2,61
1004303,43.36599,-80.98079,3,69
1004303,43.36606,-80.98077,4,77
1004303,43.36611,-80.98058,5,93
1004303,43.3658,-80.97982,6,164
1004303,43.36578,-80.97974,7,172
1004303,43.36585,-80.97955,8,196
1004303,43.36677,-80.98003,9,305
1004303,43.36753,-80.98047,10,397
1004303,43.36802,-80.98156,11,501
1004303,43.36805,-80.98172,12,518
1004303,43.36866,-80.98298,13,641
1004303,43.36883,-80.98342,14,681
1004303,43.36905,-80.98347,15,711
1004303,43.36985,-80.98262,16,823
1004303,43.37045,-80.98215,17,901
1004303,43.37049,-80.98214,18,907
1004303,43.37109,-80.98231,19,977
1004303,43.37121,-80.98231,20,990
1004303,43.37137,-80.98225,21,1008
1004303,43.3714,-80.98217,22,1018
1004303,43.37135,-80.97937,23,1245
1004303,43.37129,-80.97568,24,1544
1004303,43.37123,-80.97288,25,1771
1004303,43.37122,-80.97006,26,2000
1004303,43.37127,-80.96999,27,2008
1004303,43.37136,-80.96996,28,2018
1004303,43.37325,-80.96991,29,2236
1004303,43.37495,-80.96984,30,2425
1004303,43.37544,-80.96989,31,2480
1004303,43.37547,-80.96997,32,2487
1004303,43.37535,-80.97111,33,2596
1004303,43.37511,-80.97329,34,2775
1004303,43.3748,-80.97549,35,2957
1004303,43.37468,-80.97613,36,3011
1004303,43.3742,-80.97721,37,3114
1004303,43.37371,-80.97839,38,3224
1004303,43.37338,-80.97962,39,3330
1004303,43.37288,-80.98072,40,3435
1004303,43.37279,-80.98095,41,3465
1004303,43.372,-80.98236,42,3609
1004303,43.37193,-80.9826,43,3630
1004303,43.37181,-80.98265,44,3648
1004303,43.37169,-80.98274,45,3663
1004303,43.37147,-80.98274,46,3692
1004303,43.37143,-80.98265,47,3701
1004303,43.37141,-80.98254,48,3711
1004303,43.3714,-80.98233,49,3728
1004303,43.371,-80.98235,50,3781
1004303,43.36985,-80.98183,51,3916
1004303,43.36902,-80.98131,52,4021
1004303,43.36821,-80.98082,53,4124
1004303,43.36729,-80.98036,54,4233
1004303,43.36646,-80.9799,55,4334
1004303,43.36569,-80.97947,56,4426
1004303,43.36557,-80.97949,57,4439
1004303,43.36553,-80.97959,58,4448
1004303,43.36555,-80.97969,59,4456
1004303,43.365741,-80.980051,60,4518
1004304,43.365741,-80.980051,0,0
1004304,43.36576,-80.98031,1,21
1004304,43.36592,-80.98075,2,61
1004304,43.36599,-80.98079,3,69
1004304,43.36606,-80.98077,4,77
1004304,43.36611,-80.98058,5,93
1004304,43.3658,-80.97982,6,164
1004304,43.36578,-80.97974,7,172
1004304,43.36585,-80.97955,8,196
1004304,43.36677,-80.98003,9,305
1004304,43.36753,-80.98047,10,397
1004304,43.36802,-80.98156,11,501
1004304,43.36805,-80.98172,12,518
1004304,43.36866,-80.98298,13,641
1004304,43.36883,-80.98342,14,681
1004304,43.36905,-80.98347,15,711
1004304,43.36985,-80.98262,16,823
1004304,43.37045,-80.98215,17,901
1004304,43.37049,-80.98214,18,907
1004304,43.37109,-80.98231,19,977
1004304,43.37121,-80.98231,20,990
1004304,43.37137,-80.98225,21,1008
1004304,43.3714,-80.98217,22,1018
1004304,43.37135,-80.97937,23,1245
1004304,43.37129,-80.97568,24,1544
1004304,43.37123,-80.97288,25,1771
1004304,43.37122,-80.97006,26,2000
1004304,43.37127,-80.96999,27,2008
1004304,43.37136,-80.96996,28,2018
1004304,43.37325,-80.96991,29,2236
1004304,43.37495,-80.96984,30,2425
1004304,43.37544,-80.96989,31,2480
1004304,43.37547,-80.96997,32,2487
1004304,43.37535,-80.97111,33,2596
1004304,43.37511,-80.97329,34,2775
1004304,43.3748,-80.97549,35,2957
1004304,43.37468,-80.97613,36,3011
1004304,43.3742,-80.97721,37,3114
1004304,43.37371,-80.97839,38,3224
1004304,43.37338,-80.97962,39,3330
1004304,43.37288,-80.98072,40,3435
1004304,43.37279,-80.98095,41,3465
1004304,43.372,-80.98236,42,3609
1004304,43.37193,-80.9826,43,3630
1004304,43.37181,-80.98265,44,3648
1004304,43.37169,-80.98274,45,3663
1004304,43.37147,-80.98274,46,3692
1004304,43.37143,-80.98265,47,3701
1004304,43.37141,-80.98254,48,3711
1004304,43.3714,-80.98233,49,3728
1004304,43.371,-80.98235,50,3781
1004304,43.36985,-80.98183,51,3916
1004304,43.36902,-80.98131,52,4021
1004304,43.36821,-80.98082,53,4124
1004304,43.36729,-80.98036,54,4233
1004304,43.36646,-80.9799,55,4334
1004304,43.36569,-80.97947,56,4426
1004304,43.36557,-80.97949,57,4439
1004304,43.36553,-80.97959,58,4448
1004304,43.36555,-80.97969,59,4456
1004304,43.365741,-80.980051,60,4518
1004376,43.365741,-80.980051,0,0
1004376,43.36579,-80.97959,1,38
1004376,43.36584,-80.97953,2,47
1004376,43.36597,-80.97955,3,62
1004376,43.36671,-80.97996,4,151
1004376,43.36732,-80.9799,5,224
1004376,43.36737,-80.97991,6,230
1004376,43.36745,-80.97979,7,243
1004376,43.36742,-80.97861,8,345
1004376,43.36739,-80.97723,9,457
1004376,43.36736,-80.97645,10,520
1004376,43.36734,-80.97495,11,642
1004376,43.36731,-80.97375,12,759
1004376,43.36729,-80.9724,13,870
1004376,43.367219,-80.971001,14,984
1004376,43.36726,-80.97069,15,1019
1004376,43.36723,-80.9693,16,1132
1004376,43.36723,-80.96889,17,1177
1004376,43.36718,-80.96738,18,1300
1004376,43.36718,-80.96656,19,1388
1004376,43.36714,-80.965,20,1515
1004376,43.36706,-80.963885,21,1622
1004376,43.36716,-80.96326,22,1674
1004376,43.36722,-80.96318,23,1683
1004376,43.36815,-80.96314,24,1789
1004376,43.368429,-80.963087,25,1847
1004376,43.3686,-80.96273,26,1882
1004376,43.36856,-80.96135,27,1994
1004376,43.3685,-80.96033,28,2101
1004376,43.36851,-80.95887,29,2219
1004376,43.36847,-80.958,30,2290
1004376,43.36845,-80.95791,31,2298
1004376,43.368396,-80.957944,32,2308
1004376,43.36813,-80.95778,33,2340
1004376,43.36721,-80.95777,34,2442
1004376,43.36705,-80.95784,35,2461
1004376,43.36702,-80.95798,36,2474
1004376,43.36706,-80.95933,37,2588
1004376,43.36709,-80.96074,38,2702
1004376,43.367086,-80.961395,39,2755
1004376,43.36712,-80.96271,40,2863
1004376,43.36712,-80.96293,41,2881
1004376,43.36714,-80.96304,42,2890
1004376,43.36712,-80.96318,43,2903
1004376,43.36708,-80.96322,44,2910
1004376,43.36598,-80.96323,45,3032
1004376,43.3655,-80.96324,46,3085
1004376,43.36544,-80.96322,47,3093
1004376,43.36538,-80.96318,48,3100
1004376,43.36533,-80.96303,49,3113
1004376,43.36522,-80.961905,50,3220
1004376,43.3653,-80.9616,51,3246
1004376,43.36528,-80.96025,52,3360
1004376,43.36525,-80.95891,53,3469
1004376,43.365183,-80.957995,54,3561
1004376,43.36536,-80.95771,55,3591
1004376,43.36646,-80.9577,56,3713
1004376,43.366821,-80.957659,57,3780
1004376,43.36699,-80.95742,58,3807
1004376,43.36694,-80.95612,59,3913
1004376,43.36692,-80.95479,60,4021
1004376,43.36691,-80.95387,61,4114
1004376,43.36689,-80.95247,62,4228
1004376,43.36677,-80.95156,63,4334
1004376,43.36684,-80.95132,64,4355
1004376,43.36683,-80.95013,65,4463
1004376,43.36681,-80.94883,66,4568
1004376,43.36681,-80.94833,67,4609
1004376,43.36683,-80.94822,68,4620
1004376,43.36691,-80.94802,69,4638
1004376,43.36696,-80.94794,70,4649
1004376,43.36702,-80.94788,71,4660
1004376,43.36718,-80.9478,72,4679
1004376,43.36811,-80.948,73,4784
1004376,43.36904,-80.94814,74,4889
1004376,43.369501,-80.948112,75,4940
1004376,43.37041,-80.94814,76,5046
1004376,43.37061,-80.94815,77,5068
1004376,43.37069,-80.94813,78,5077
1004376,43.37074,-80.94807,79,5084
1004376,43.37073,-80.94666,80,5203
1004376,43.37078,-80.94629,81,5255
1004376,43.3707,-80.94462,82,5391
1004376,43.37071,-80.9439,83,5449
1004376,43.37071,-80.94233,84,5576
1004376,43.37072,-80.94147,85,5646
1004376,43.370848,-80.941442,86,5668
1004376,43.3708,-80.94301,87,5795
1004376,43.370823,-80.944429,88,5921
1004376,43.37083,-80.94579,89,6031
1004376,43.37089,-80.94709,90,6137
1004376,43.37087,-80.94723,91,6156
1004376,43.37089,-80.94811,92,6227
1004376,43.37093,-80.94821,93,6238
1004376,43.37102,-80.94827,94,6249
1004376,43.371787,-80.948235,95,6337
1004376,43.37275,-80.94825,96,6444
1004376,43.37288,-80.94826,97,6458
1004376,43.37295,-80.9482,98,6467
1004376,43.37297,-80.94814,99,6473
1004376,43.37298,-80.94807,100,6479
1004376,43.372867,-80.946498,101,6607
1004376,43.37363,-80.9454,102,6730
1004376,43.37403,-80.94491,103,6790
1004376,43.374088,-80.944719,104,6822
1004376,43.37444,-80.94499,105,6867
1004376,43.37471,-80.94535,106,6913
1004376,43.37482,-80.94561,107,6937
1004376,43.37491,-80.94701,108,7051
1004376,43.374907,-80.947126,109,7065
1004376,43.37493,-80.94803,110,7138
1004376,43.37491,-80.94815,111,7148
1004376,43.37488,-80.94821,112,7154
1004376,43.37478,-80.94826,113,7166
1004376,43.37381,-80.94825,114,7280
1004376,43.373389,-80.94828,115,7346
1004376,43.37209,-80.94829,116,7490
1004376,43.37117,-80.94831,117,7593
1004376,43.37102,-80.94832,118,7610
1004376,43.37096,-80.94836,119,7618
1004376,43.37089,-80.94849,120,7631
1004376,43.37087,-80.94856,121,7639
1004376,43.37089,-80.94866,122,7648
1004376,43.370908,-80.949766,123,7738
1004376,43.37093,-80.94981,124,7745
1004376,43.37095,-80.95109,125,7853
1004376,43.37093,-80.95244,126,7962
1004376,43.37102,-80.95415,127,8121
1004376,43.371,-80.9542,128,8128
1004376,43.37101,-80.95538,129,8231
1004376,43.37102,-80.95682,130,8348
1004376,43.370983,-80.957801,131,8428
1004376,43.37106,-80.9581,132,8454
1004376,43.37106,-80.95946,133,8565
1004376,43.37109,-80.96081,134,8674
1004376,43.371149,-80.962509,135,8834
1004376,43.37117,-80.96266,136,8849
1004376,43.37117,-80.96274,137,8855
1004376,43.37116,-80.9628,138,8861
1004376,43.37117,-80.96286,139,8868
1004376,43.37121,-80.96423,140,8979
1004376,43.37123,-80.96562,141,9092
1004376,43.371224,-80.966643,142,9175
1004376,43.37124,-80.96672,143,9182
1004376,43.37122,-80.96797,144,9292
1004376,43.37125,-80.96937,145,9406
1004376,43.371298,-80.970365,146,9487
1004376,43.37129,-80.97193,147,9614
1004376,43.371341,-80.973132,148,9730
1004376,43.37134,-80.97471,149,9858
1004376,43.37135,-80.97594,150,9961
1004376,43.371401,-80.976451,151,10018
1004376,43.37139,-80.97801,152,10144
1004376,43.37141,-80.97924,153,10244
1004376,43.37142,-80.97967,154,10279
1004376,43.37139,-80.97976,155,10288
1004376,43.37132,-80.97981,156,10297
1004376,43.370956,-80.979878,157,10358
1004376,43.37087,-80.97984,158,10375
1004376,43.36991,-80.97985,159,10482
1004376,43.36932,-80.97986,160,10563
1004376,43.36825,-80.9799,161,10682
1004376,43.36725,-80.97999,162,10793
1004376,43.36674,-80.98008,163,10850
1004376,43.36586,-80.97959,164,10959
1004376,43.36562,-80.97944,165,10988
1004376,43.36554,-80.97947,166,10997
1004376,43.3655,-80.97957,167,11006
1004376,43.365741,-80.980051,168,11053
