route_id,service_id,trip_id,trip_headsign,shape_id
4,1279123,04-018:1279123,,1002624
4,1279171,04-003:1279171,,1002624
4,1279191,04-007:1279191,,1002624
5,1279336,05-031:1279336,,1002795
4,1279351,04-030:1279351,,1002624
5,1279360,05-022:1279360,,1002795
4,1279362,04-026:1279362,,1002624
4,1279469,04-016:1279469,,1002624
5,1279724,05-014:1279724,,1002795
4,1279906,04-029:1279906,,1002624
5,1279909,05-011:1279909,,1002795
5,1279968,05-008:1279968,,1002795
5,1280159,05-028:1280159,,1002795
4,1280189,04-004:1280189,,1002624
4,1280192,04-010:1280192,,1002624
5,1280196,05-029:1280196,,1002795
4,1280293,04-006:1280293,,1002624
10,1280418,10-001:1280418,,1002177
4,1280507,04-028:1280507,,1002624
5,1280528,05-021:1280528,,1002795
5,1280538,05-005:1280538,,1002795
5,1280597,05-007:1280597,,1002795
5,1280704,05-015:1280704,,1002795
5,1280767,05-006:1280767,,1002795
4,1280838,04-023:1280838,,1002624
4,1280921,04-013:1280921,,1002624
5,1280939,05-001:1280939,,1002795
5,1281159,05-023:1281159,,1002795
4,1281220,04-001:1281220,,1002624
4,1281330,04-021:1281330,,1002624
4,1281387,04-032:1281387,,1002624
5,1281496,05-012:1281496,,1002795
4,1281529,04-009:1281529,,1002624
4,1281609,04-005:1281609,,1002624
5,1281614,05-020:1281614,,1002795
4,1281636,04-027:1281636,,1002624
5,1281867,05-027:1281867,,1002795
5,1281892,05-032:1281892,,1002795
5,1281918,05-009:1281918,,1002795
4,1281937,04-015:1281937,,1002624
5,1281954,05-025:1281954,,1002795
5,1282080,05-030:1282080,,1002795
4,1282104,04-019:1282104,,1002624
5,1282121,05-026:1282121,,1002795
4,1282143,04-024:1282143,,1002624
8,1282156,08-001:1282156,,1003219
4,1282256,04-008:1282256,,1002624
5,1282311,05-013:1282311,,1002795
4,1282401,04-025:1282401,,1002624
4,1282483,04-012:1282483,,1002624
5,1282695,05-003:1282695,,1002795
5,1282785,05-002:1282785,,1002795
4,1282867,04-011:1282867,,1002624
5,1282876,05-018:1282876,,1002795
4,1282877,04-020:1282877,,1002624
5,1283012,05-019:1283012,,1002795
4,1283160,04-014:1283160,,1002624
5,1283201,05-024:1283201,,1002795
5,1283397,05-017:1283397,,1002795
4,1283459,04-002:1283459,,1002624
5,1283530,05-004:1283530,,1002795
4,1283542,04-022:1283542,,1002624
4,1283577,04-017:1283577,,1002624
4,1283657,04-031:1283657,,1002624
5,1283849,05-016:1283849,,1002795
5,1284100,05-010:1284100,,1002795
3,1297024,03-020:1297024,,1003251
3,1297026,03-003:1297026,,1003251
3,1297027,03-008:1297027,,1003251
3,1297030,03-025:1297030,,1003251
3,1297031,03-026:1297031,,1003251
3,1297034,03-022:1297034,,1003251
3,1297036,03-002:1297036,,1003251
3,1297037,03-021:1297037,,1003251
3,1297039,03-009:1297039,,1003251
3,1297041,03-006:1297041,,1003251
3,1297043,03-028:1297043,,1003251
3,1297046,03-010:1297046,,1003251
3,1297047,03-030:1297047,,1003251
3,1297048,03-004:1297048,,1003251
3,1297049,03-005:1297049,,1003251
3,1297050,03-017:1297050,,1003251
3,1297051,03-018:1297051,,1003251
3,1297053,03-012:1297053,,1003251
3,1297057,03-011:1297057,,1003251
3,1297058,03-013:1297058,,1003251
3,1297059,03-001:1297059,,1003251
3,1297061,03-019:1297061,,1003251
3,1297062,03-032:1297062,,1003251
3,1297064,03-031:1297064,,1003251
3,1297065,03-007:1297065,,1003251
3,1297069,03-027:1297069,,1003251
3,1297073,03-015:1297073,,1003251
3,1297078,03-024:1297078,,1003251
3,1297079,03-029:1297079,,1003251
3,1297080,03-016:1297080,,1003251
3,1297082,03-014:1297082,,1003251
3,1297083,03-023:1297083,,1003251
10,1309124,10-002:1309124,,1003357
10,1309218,10-003:1309218,,1003374
8,1309753,08-002:1309753,,1003379
8,1309755,08-003:1309755,,1003370
7,1400344,07-024:1400344,,1004091
7,1400361,07-005:1400361,,1004091
7,1400396,07-001:1400396,,1004091
7,1400410,07-012:1400410,,1004091
7,1400427,07-002:1400427,,1004091
7,1400428,07-013:1400428,,1004091
7,1400533,07-029:1400533,,1004091
7,1400589,07-027:1400589,,1004091
7,1400639,07-006:1400639,,1004091
7,1400662,07-021:1400662,,1004091
7,1400683,07-008:1400683,,1004091
7,1400688,07-025:1400688,,1004091
7,1400738,07-011:1400738,,1004091
7,1400743,07-007:1400743,,1004091
7,1400763,07-019:1400763,,1004091
7,1400766,07-031:1400766,,1004091
7,1400797,07-026:1400797,,1004091
7,1400808,07-016:1400808,,1004091
7,1400818,07-028:1400818,,1004091
7,1400821,07-023:1400821,,1004091
7,1400822,07-009:1400822,,1004091
7,1400845,07-032:1400845,,1004091
7,1400859,07-003:1400859,,1004091
7,1400866,07-022:1400866,,1004091
7,1400880,07-017:1400880,,1004091
7,1400906,07-004:1400906,,1004091
7,1400929,07-020:1400929,,1004091
7,1400945,07-030:1400945,,1004091
7,1400947,07-018:1400947,,1004091
7,1400962,07-010:1400962,,1004091
7,1400973,07-014:1400973,,1004091
7,1400992,07-015:1400992,,1004091
6,1412378,06-029:1412378,,1004159
6,1412574,06-032:1412574,,1004159
6,1412586,06-011:1412586,,1004159
6,1412633,06-027:1412633,,1004159
6,1412654,06-028:1412654,,1004159
6,1412663,06-018:1412663,,1004159
6,1412719,06-008:1412719,,1004159
6,1412861,06-006:1412861,,1004159
6,1412867,06-003:1412867,,1004159
6,1412927,06-023:1412927,,1004159
6,1413018,06-012:1413018,,1004159
6,1413058,06-015:1413058,,1004159
6,1413074,06-001:1413074,,1004159
6,1413172,06-016:1413172,,1004159
6,1413173,06-030:1413173,,1004159
6,1413188,06-031:1413188,,1004159
6,1413228,06-017:1413228,,1004159
6,1413263,06-009:1413263,,1004159
6,1413307,06-002:1413307,,1004159
6,1413432,06-025:1413432,,1004159
6,1413444,06-004:1413444,,1004159
6,1413514,06-026:1413514,,1004159
6,1413572,06-010:1413572,,1004159
6,1413697,06-013:1413697,,1004159
6,1413715,06-007:1413715,,1004159
6,1413733,06-020:1413733,,1004159
6,1413791,06-022:1413791,,1004159
6,1413807,06-005:1413807,,1004159
6,1413860,06-014:1413860,,1004159
6,1413872,06-019:1413872,,1004159
6,1413914,06-021:1413914,,1004159
6,1413976,06-024:1413976,,1004159
1,1463114,01-019:1463114,,1004302
1,1463124,01-025:1463124,,1004302
1,1463129,01-004:1463129,,1004302
1,1463141,01-016:1463141,,1004302
1,1463166,01-011:1463166,,1004302
1,1463175,01-010:1463175,,1004302
1,1463193,01-020:1463193,,1004302
1,1463219,01-027:1463219,,1004302
1,1463224,01-017:1463224,,1004302
1,1463236,01-018:1463236,,1004302
1,1463263,01-026:1463263,,1004302
1,1463272,01-023:1463272,,1004302
1,1463293,01-031:1463293,,1004302
1,1463297,01-013:1463297,,1004302
1,1463310,01-012:1463310,,1004302
1,1463321,01-006:1463321,,1004302
1,1463333,01-014:1463333,,1004302
1,1463355,01-001:1463355,,1004302
1,1463379,01-021:1463379,,1004302
1,1463398,01-030:1463398,,1004302
1,1463405,01-022:1463405,,1004302
1,1463416,01-015:1463416,,1004302
1,1463417,01-005:1463417,,1004302
1,1463455,01-029:1463455,,1004302
1,1463456,01-009:1463456,,1004302
1,1463466,01-032:1463466,,1004302
1,1463493,01-028:1463493,,1004302
1,1463502,01-002:1463502,,1004302
1,1463503,01-008:1463503,,1004302
1,1463511,01-024:1463511,,1004302
1,1463515,01-003:1463515,,1004302
1,1463529,01-007:1463529,,1004302
11,1468577,11-001:1468577,,1004303
11,1468578,11-002:1468578,,1004303
11,1468579,11-003:1468579,,1004303
11,1468580,11-004:1468580,,1004303
11,1468581,11-005:1468581,,1004303
11,1468582,11-006:1468582,,1004303
11,1468583,11-007:1468583,,1004303
11,1468584,11-008:1468584,,1004303
11,1468585,11-009:1468585,,1004303
12,1468586,12-001:1468586,,1004304
12,1468587,12-002:1468587,,1004304
12,1468588,12-003:1468588,,1004304
12,1468589,12-004:1468589,,1004304
12,1468590,12-005:1468590,,1004304
12,1468591,12-006:1468591,,1004304
12,1468592,12-007:1468592,,1004304
12,1468593,12-008:1468593,,1004304
2,1475659,02-001:1475659,,1004376
2,1475660,02-002:1475660,,1004376
2,1475661,02-003:1475661,,1004376
2,1475662,02-004:1475662,,1004376
2,1475663,02-005:1475663,,1004376
2,1475664,02-006:1475664,,1004376
2,1475665,02-007:1475665,,1004376
2,1475666,02-008:1475666,,1004376
2,1475667,02-009:1475667,,1004376
2,1475668,02-010:1475668,,1004376
2,1475669,02-011:1475669,,1004376
2,1475670,02-012:1475670,,1004376
2,1475671,02-013:1475671,,1004376
2,1475672,02-014:1475672,,1004376
2,1475673,02-015:1475673,,1004376
2,1475674,02-016:1475674,,1004376
2,1475675,02-017:1475675,,1004376
2,1475676,02-018:1475676,,1004376
2,1475677,02-019:1475677,,1004376
2,1475678,02-020:1475678,,1004376
2,1475679,02-021:1475679,,1004376
2,1475680,02-022:1475680,,1004376
2,1475681,02-023:1475681,,1004376
2,1475682,02-024:1475682,,1004376
2,1475683,02-025:1475683,,1004376
2,1475684,02-026:1475684,,1004376
2,1475685,02-027:1475685,,1004376
2,1475686,02-028:1475686,,1004376
2,1475687,02-029:1475687,,1004376
2,1475688,02-030:1475688,,1004376
2,1475689,02-031:1475689,,1004376
2,1475690,02-032:1475690,,1004376
